Rk,Player,Pos,Age,Tm,G,GS,MP,FG,FGA,FG%,3P,3PA,3P,2P,2PA,2P,eFG%,FT,FTA,FT%,ORB,DRB,TRB,AST,STL,BLK,TOV,PF,PTS
1,Quincy Acy,PF,25,SAC,7,2,11.0,0.6,1.0,.571,0.1,0.3,.500,0.4,0.7,.600,.643,0.3,0.6,.500,0.1,1.3,1.4,0.7,0.3,0.3,0.4,0.9,1.6
2,Jordan Adams,SG,21,MEM,2,0,7.5,1.0,3.0,.333,0.0,0.5,.000,1.0,2.5,.400,.333,1.5,2.5,.600,0.0,1.0,1.0,1.5,1.5,0.0,1.0,1.0,3.5
3,Steven Adams,C,22,OKC,13,13,24.1,2.3,4.1,.566,0.0,0.0,,2.3,4.1,.566,.566,1.5,2.2,.655,2.3,3.2,5.5,0.8,0.4,1.8,1.0,3.1,6.1
4,Arron Afflalo,SG,30,NYK,5,5,29.8,5.4,11.8,.458,1.0,3.2,.313,4.4,8.6,.512,.500,0.2,0.2,1.000,0.4,3.0,3.4,1.8,0.0,0.0,0.8,2.4,12.0
5,Alexis Ajinca,C,27,NOP,13,3,12.2,2.2,4.3,.518,0.0,0.0,,2.2,4.3,.518,.518,0.5,0.5,1.000,1.3,2.6,3.9,0.3,0.3,0.5,0.7,2.2,5.0
6,Cole Aldrich,C,27,LAC,3,0,4.7,0.7,1.0,.667,0.0,0.0,,0.7,1.0,.667,.667,0.0,0.0,,0.3,1.0,1.3,0.0,0.0,0.0,0.3,0.7,1.3
7,LaMarcus Aldridge,PF,30,SAS,12,12,31.1,5.8,13.6,.429,0.0,0.5,.000,5.8,13.1,.446,.429,3.6,4.2,.860,2.8,7.1,9.9,1.8,0.2,0.9,1.6,2.3,15.3
8,Cliff Alexander,PF,20,POR,4,0,6.8,1.0,2.3,.444,0.0,0.0,,1.0,2.3,.444,.444,0.0,0.0,,0.5,1.0,1.5,0.0,0.0,0.5,0.0,0.0,2.0
9,Lavoy Allen,PF,26,IND,11,3,20.8,1.9,4.9,.389,0.0,0.0,,1.9,4.9,.389,.389,0.5,1.0,.455,1.8,3.6,5.5,1.4,0.4,0.5,0.8,2.1,4.3
10,Tony Allen,SF,34,MEM,13,12,22.5,2.7,6.4,.422,0.2,0.8,.300,2.5,5.6,.438,.440,0.5,1.1,.500,1.7,2.5,4.2,1.1,1.7,0.3,0.8,3.3,6.2
11,Al-Farouq Aminu,SF,25,POR,14,13,33.1,4.5,11.1,.406,1.6,4.6,.354,2.9,6.4,.444,.481,2.2,2.9,.756,1.1,6.7,7.9,1.9,0.6,0.9,1.9,2.8,12.9
12,Lou Amundson,PF,33,NYK,5,0,11.4,1.0,1.8,.556,0.0,0.0,,1.0,1.8,.556,.556,0.6,1.0,.600,1.0,1.6,2.6,0.4,0.4,0.6,0.2,2.6,2.6
13,Chris Andersen,C,37,MIA,2,0,6.5,0.5,0.5,1.000,0.0,0.0,,0.5,0.5,1.000,1.000,0.5,1.0,.500,0.5,1.5,2.0,0.0,0.0,0.0,1.0,0.5,1.5
14,James Anderson,SG,26,SAC,9,6,11.0,0.9,3.2,.276,0.7,2.1,.316,0.2,1.1,.200,.379,0.7,0.8,.857,0.2,0.6,0.8,0.6,0.4,0.1,0.9,0.7,3.1
15,Justin Anderson,SG,22,DAL,10,1,7.4,1.3,2.6,.500,0.4,1.2,.333,0.9,1.4,.643,.577,0.2,0.2,1.000,0.1,1.2,1.3,0.2,0.2,0.2,0.5,0.4,3.2
16,Kyle Anderson,SF,22,SAS,12,1,9.3,0.8,2.5,.333,0.2,0.4,.400,0.7,2.1,.320,.367,0.3,0.7,.375,0.3,1.7,1.9,0.8,0.4,0.6,0.3,0.7,2.1
17,Ryan Anderson,PF,27,NOP,13,4,32.5,7.2,15.2,.475,2.2,5.9,.377,5.0,9.3,.537,.548,1.8,2.3,.800,2.1,5.1,7.2,1.2,0.5,0.4,1.8,1.4,18.5
18,Giannis Antetokounmpo,SF,21,MIL,11,11,35.9,6.9,13.3,.521,0.6,1.9,.333,6.3,11.4,.552,.545,3.9,4.6,.843,1.5,5.4,6.8,2.5,1.1,1.0,2.6,4.0,18.4
19,Carmelo Anthony,SF,31,NYK,13,13,34.8,8.2,19.9,.409,1.8,5.1,.348,6.4,14.8,.430,.454,5.2,5.9,.870,1.1,6.2,7.3,3.5,0.8,0.6,2.0,2.7,23.2
20,Trevor Ariza,SF,30,HOU,13,13,35.2,4.2,11.5,.360,2.2,6.9,.322,1.9,4.6,.417,.457,1.9,2.5,.781,0.7,4.8,5.5,1.8,2.1,0.3,1.8,2.8,12.5
21,Darrell Arthur,PF,27,DEN,12,0,17.0,1.7,5.4,.308,0.3,0.9,.273,1.4,4.5,.315,.331,0.2,0.2,1.000,1.3,2.3,3.5,1.1,0.4,0.8,0.3,2.6,3.8
22,Omer Asik,C,29,NOP,6,5,16.0,0.2,1.0,.167,0.0,0.0,,0.2,1.0,.167,.167,1.2,2.0,.583,0.8,4.0,4.8,0.0,0.3,0.5,1.2,2.0,1.5
23,D.J. Augustin,PG,28,OKC,13,0,17.6,2.1,4.7,.443,0.8,2.0,.423,1.2,2.7,.457,.533,1.2,1.7,.682,0.2,1.4,1.6,2.5,0.8,0.1,1.7,1.2,6.2
24,Luke Babbitt,SF,26,NOP,10,5,23.8,2.2,5.4,.407,1.2,3.6,.333,1.0,1.8,.556,.519,0.5,0.7,.714,0.3,4.3,4.6,0.9,0.1,0.3,0.5,2.7,6.1
25,Cameron Bairstow,C,25,CHI,2,0,5.0,0.5,2.0,.250,0.0,1.0,.000,0.5,1.0,.500,.250,0.0,0.0,,0.5,1.0,1.5,0.0,0.0,0.0,0.0,1.5,1.0
26,Leandro Barbosa,SG,33,GSW,11,0,14.2,2.2,5.9,.369,0.6,1.8,.350,1.5,4.1,.378,.423,0.4,0.6,.571,0.6,0.9,1.5,1.8,0.9,0.2,0.9,1.8,5.4
27,J.J. Barea,PG,31,DAL,13,0,20.2,3.1,7.9,.388,0.7,2.6,.265,2.4,5.3,.449,.432,1.3,1.7,.773,0.6,1.5,2.2,4.3,0.3,0.1,1.9,1.6,8.2
28,Andrea Bargnani,C,30,BRK,13,0,12.8,2.2,5.7,.378,0.2,0.5,.286,2.0,5.2,.388,.392,0.9,1.0,.923,0.8,1.0,1.8,0.2,0.1,0.2,0.7,1.7,5.4
29,Harrison Barnes,SF,23,GSW,14,14,31.1,5.2,10.6,.490,1.2,3.4,.362,4.0,7.3,.549,.547,2.4,2.7,.868,1.2,4.0,5.2,2.0,0.8,0.2,1.0,2.0,14.0
30,Matt Barnes,SF,35,MEM,13,0,21.5,2.0,6.5,.306,1.0,3.8,.265,1.0,2.8,.361,.382,1.2,1.3,.882,0.6,2.8,3.5,0.8,1.2,0.6,0.7,3.2,6.2
31,Will Barton,SG,25,DEN,13,1,26.6,5.2,10.7,.482,1.3,3.1,.425,3.8,7.6,.505,.543,2.5,2.8,.889,0.6,4.3,4.9,1.9,1.3,0.6,0.7,1.3,14.1
32,Brandon Bass,PF,30,LAL,11,0,15.6,2.0,4.1,.489,0.0,0.1,.000,2.0,4.0,.500,.489,1.1,1.3,.857,2.2,2.5,4.6,0.9,0.4,0.5,1.2,1.7,5.1
33,Nicolas Batum,SG,27,CHO,13,13,34.6,5.5,12.2,.456,2.4,5.2,.456,3.2,6.9,.456,.554,3.4,3.8,.880,1.1,4.8,5.8,3.8,0.9,0.5,2.8,1.8,16.8
34,Jerryd Bayless,SG,27,MIL,12,4,31.3,4.3,9.8,.436,2.1,4.4,.472,2.2,5.3,.406,.543,1.8,2.2,.808,0.3,2.3,2.5,3.6,1.1,0.3,1.9,2.4,12.3
35,Aron Baynes,C,29,DET,12,0,11.7,1.7,3.2,.526,0.0,0.0,,1.7,3.2,.526,.526,0.8,1.0,.750,1.1,2.3,3.3,0.4,0.3,0.3,0.8,1.3,4.1
36,Kent Bazemore,SF,26,ATL,12,12,29.0,4.5,9.2,.491,1.5,3.4,.439,3.0,5.8,.522,.573,1.5,1.7,.900,0.3,4.2,4.4,2.6,1.7,0.4,1.8,2.3,12.0
37,Bradley Beal,SG,22,WAS,6,6,34.7,8.7,17.8,.486,2.7,5.7,.471,6.0,12.2,.493,.561,2.7,3.3,.800,1.5,3.3,4.8,2.7,1.0,0.3,3.5,3.2,22.7
38,Marco Belinelli,SG,29,SAC,13,1,27.8,3.6,9.9,.364,1.8,4.9,.375,1.8,5.0,.354,.457,3.1,3.5,.870,0.2,1.4,1.6,2.5,0.6,0.0,1.7,2.0,12.2
39,Anthony Bennett,PF,22,TOR,7,0,6.1,0.1,1.3,.111,0.0,0.7,.000,0.1,0.6,.250,.111,1.0,1.1,.875,0.4,1.3,1.7,0.0,0.4,0.0,0.6,0.9,1.3
40,Patrick Beverley,PG,27,HOU,7,0,16.0,1.9,5.4,.342,1.0,3.0,.333,0.9,2.4,.353,.434,0.0,0.0,,0.4,2.7,3.1,1.1,0.7,0.1,1.4,3.0,4.7
41,Bismack Biyombo,C,23,TOR,14,0,16.9,1.4,3.4,.404,0.0,0.0,,1.4,3.4,.404,.404,1.6,2.2,.742,2.1,3.6,5.8,0.2,0.1,0.9,0.7,2.6,4.4
42,Nemanja Bjelica,PF,27,MIN,12,0,26.5,2.5,5.8,.435,1.3,3.8,.356,1.2,2.0,.583,.551,0.9,1.6,.579,0.8,5.2,6.0,2.2,0.5,0.4,0.9,3.5,7.3
43,Tarik Black,C,24,LAL,7,0,11.3,1.3,2.4,.529,0.0,0.0,,1.3,2.4,.529,.529,0.9,1.7,.500,1.0,3.1,4.1,0.1,0.1,0.3,0.7,2.6,3.4
44,DeJuan Blair,C,26,WAS,4,0,8.5,0.5,2.8,.182,0.0,0.0,,0.5,2.8,.182,.182,0.3,0.5,.500,1.5,1.5,3.0,0.8,0.5,0.0,1.5,3.3,1.3
45,Steve Blake,PG,35,DET,9,0,14.9,1.2,4.3,.282,0.7,2.8,.240,0.6,1.6,.357,.359,0.0,0.0,,0.2,1.2,1.4,3.1,0.6,0.1,1.7,0.7,3.1
46,Eric Bledsoe,PG,26,PHO,12,12,34.3,8.3,17.2,.481,1.7,4.4,.377,6.6,12.8,.516,.529,4.6,5.8,.797,0.4,3.6,4.0,5.8,2.1,0.5,3.5,2.3,22.8
47,Bojan Bogdanovic,SF,26,BRK,13,0,26.0,4.0,8.8,.452,0.9,3.1,.300,3.1,5.8,.533,.504,0.9,1.4,.667,0.4,2.6,3.0,1.0,0.8,0.0,1.5,1.3,9.8
48,Andrew Bogut,C,31,GSW,8,4,20.3,3.1,4.6,.676,0.0,0.0,,3.1,4.6,.676,.676,0.6,1.3,.500,2.1,4.9,7.0,2.5,0.6,1.5,1.3,3.4,6.9
49,Matt Bonner,C,35,SAS,2,0,0.5,0.0,0.0,,0.0,0.0,,0.0,0.0,,,0.5,1.0,.500,0.0,0.5,0.5,0.0,0.0,0.0,0.0,0.0,0.5
50,Devin Booker,SG,19,PHO,9,0,9.2,1.4,2.9,.500,0.8,1.0,.778,0.7,1.9,.353,.635,0.1,0.3,.333,0.0,0.8,0.8,0.3,0.2,0.3,0.6,1.1,3.8
51,Trevor Booker,PF,28,UTA,11,0,19.7,1.6,5.6,.290,0.1,0.7,.125,1.5,4.9,.315,.298,0.0,0.0,,2.1,3.4,5.5,0.8,0.9,0.5,0.8,2.9,3.4
52,Chris Bosh,PF,31,MIA,11,11,32.5,6.5,13.8,.467,1.6,4.4,.375,4.8,9.5,.510,.526,4.0,4.9,.815,1.2,8.4,9.5,1.7,0.7,1.1,0.9,1.4,18.5
53,Avery Bradley,SG,25,BOS,10,6,27.5,5.5,11.9,.462,1.8,4.4,.409,3.7,7.5,.493,.538,1.0,1.5,.667,0.6,2.4,3.0,2.3,1.4,0.1,1.3,2.1,13.8
54,Corey Brewer,SF,29,HOU,13,0,22.2,2.4,7.8,.304,0.5,2.4,.194,1.9,5.5,.352,.333,1.3,1.9,.680,0.4,2.2,2.5,1.4,1.0,0.2,0.8,2.2,6.5
55,Aaron Brooks,PG,31,CHI,10,0,15.6,3.4,7.7,.442,1.2,3.3,.364,2.2,4.4,.500,.519,0.5,0.6,.833,0.6,1.8,2.4,2.3,0.3,0.2,0.8,1.9,8.5
56,Anthony Brown,SF,23,LAL,3,0,3.0,0.3,0.7,.500,0.3,0.7,.500,0.0,0.0,,.750,0.7,0.7,1.000,0.0,0.0,0.0,0.0,0.3,0.0,0.0,0.0,1.7
57,Markel Brown,SG,24,BRK,7,3,12.4,1.1,4.1,.276,0.4,2.1,.200,0.7,2.0,.357,.328,0.6,0.9,.667,0.0,0.6,0.6,1.1,0.4,0.1,0.6,1.4,3.3
58,Kobe Bryant,SF,37,LAL,9,9,31.1,5.4,16.0,.340,1.6,7.2,.215,3.9,8.8,.443,.389,3.7,4.3,.846,0.6,3.6,4.1,3.7,1.0,0.0,2.4,2.8,16.1
59,Chase Budinger,SF,27,IND,12,1,17.3,1.7,4.2,.400,0.8,2.1,.360,0.9,2.1,.440,.490,0.8,1.2,.643,0.5,1.9,2.4,1.3,0.5,0.4,0.6,1.2,4.8
60,Reggie Bullock,SF,24,DET,7,0,7.4,0.1,1.7,.083,0.1,0.9,.167,0.0,0.9,.000,.125,0.0,0.0,,0.3,0.3,0.6,0.1,0.1,0.0,0.3,0.4,0.4
Rk,Player,Pos,Age,Tm,G,GS,MP,FG,FGA,FG%,3P,3PA,3P,2P,2PA,2P,eFG%,FT,FTA,FT%,ORB,DRB,TRB,AST,STL,BLK,TOV,PF,PTS
61,Trey Burke,PG,23,UTA,12,0,22.9,4.6,9.8,.470,1.5,3.3,.462,3.1,6.5,.474,.547,1.3,1.7,.750,0.2,2.2,2.3,2.5,1.0,0.0,1.6,1.7,11.9
62,Alec Burks,SG,24,UTA,12,1,28.2,5.2,12.3,.422,1.2,2.7,.438,4.0,9.6,.417,.469,4.3,5.1,.852,0.8,3.0,3.8,2.1,0.9,0.2,1.8,2.8,15.8
63,Caron Butler,SF,35,SAC,7,1,10.3,1.3,3.3,.391,0.1,1.1,.125,1.1,2.1,.533,.413,0.1,0.3,.500,0.4,0.9,1.3,0.3,0.6,0.0,0.3,0.6,2.9
64,Jimmy Butler,SG,26,CHI,12,12,36.5,7.0,15.3,.459,1.5,3.8,.391,5.5,11.4,.482,.508,5.5,7.2,.767,0.8,4.8,5.5,3.3,1.9,0.8,1.5,2.1,21.0
65,Rasual Butler,SF,36,SAS,11,0,10.5,1.2,3.0,.394,0.4,1.6,.222,0.8,1.4,.600,.455,0.3,0.4,.750,0.0,1.5,1.5,0.9,0.5,0.5,0.3,0.1,3.0
66,Bruno Caboclo,SF,20,TOR,1,0,1.0,0.0,1.0,.000,0.0,0.0,,0.0,1.0,.000,.000,0.0,0.0,,0.0,0.0,0.0,0.0,0.0,0.0,0.0,0.0,0.0
67,Jose Calderon,PG,34,NYK,13,13,24.8,2.8,6.5,.440,1.2,2.9,.395,1.7,3.5,.478,.530,0.4,0.4,1.000,0.4,1.9,2.3,3.2,1.1,0.0,1.2,1.8,7.2
68,Kentavious Caldwell-Pope,SG,22,DET,12,12,37.7,5.0,12.3,.408,1.3,4.5,.278,3.8,7.8,.484,.459,2.1,2.4,.862,0.6,2.5,3.1,1.5,1.4,0.3,1.3,2.1,13.3
69,Isaiah Canaan,PG,24,PHI,13,3,24.4,2.7,8.5,.315,2.0,5.8,.347,0.7,2.8,.250,.432,1.9,2.4,.806,0.2,2.1,2.3,1.6,0.8,0.2,1.2,1.2,9.3
70,Clint Capela,C,21,HOU,13,4,17.1,2.9,4.1,.717,0.0,0.0,,2.9,4.1,.717,.717,1.0,2.0,.500,2.1,4.0,6.1,0.5,0.6,1.5,0.6,1.8,6.8
71,DeMarre Carroll,SF,29,TOR,11,11,35.6,4.6,12.3,.378,1.9,5.3,.362,2.7,7.0,.390,.456,1.5,2.4,.615,1.5,3.4,4.9,1.4,1.8,0.3,1.5,2.5,12.6
72,Vince Carter,SG,39,MEM,2,0,16.5,1.5,5.0,.300,1.5,3.5,.429,0.0,1.5,.000,.450,0.0,0.0,,0.5,1.5,2.0,0.0,1.0,1.0,0.5,2.5,4.5
73,Michael Carter-Williams,PG,24,MIL,7,7,30.4,4.6,10.7,.427,0.7,2.1,.333,3.9,8.6,.450,.460,2.9,3.9,.741,0.7,2.9,3.6,5.1,1.3,0.9,3.4,3.1,12.7
74,Omri Casspi,SF,27,SAC,13,1,25.2,4.2,8.1,.524,1.2,2.7,.457,3.0,5.4,.557,.600,1.0,1.9,.520,0.8,4.9,5.8,1.1,1.0,0.2,1.9,2.2,10.7
75,Willie Cauley-Stein,C,22,SAC,13,8,19.5,2.2,3.3,.674,0.0,0.0,,2.2,3.3,.674,.674,0.8,1.6,.524,1.9,3.8,5.8,0.3,0.8,1.0,0.9,2.5,5.3
76,Mario Chalmers,PG,29,TOT,10,0,19.7,2.4,6.4,.375,0.8,2.4,.333,1.6,4.0,.400,.438,4.3,4.6,.935,0.2,1.9,2.1,2.9,1.4,0.2,1.4,2.6,9.9
77,Mario Chalmers,PG,29,MIA,6,0,20.0,1.7,5.3,.313,0.2,1.8,.091,1.5,3.5,.429,.328,2.0,2.2,.923,0.2,2.2,2.3,3.2,1.3,0.2,1.5,2.7,5.5
78,Mario Chalmers,PG,29,MEM,4,0,19.3,3.5,8.0,.438,1.8,3.3,.538,1.8,4.8,.368,.547,7.8,8.3,.939,0.3,1.5,1.8,2.5,1.5,0.3,1.3,2.5,16.5
79,Tyson Chandler,C,33,PHO,12,12,26.8,2.2,4.4,.491,0.0,0.1,.000,2.2,4.3,.500,.491,1.8,2.5,.700,2.9,6.6,9.5,0.5,0.9,0.8,1.2,2.5,6.1
80,Ian Clark,SG,24,GSW,10,0,5.4,0.9,2.2,.409,0.4,1.0,.400,0.5,1.2,.417,.500,0.7,0.8,.875,0.1,0.7,0.8,1.1,0.1,0.1,0.5,0.6,2.9
81,Jordan Clarkson,SG,23,LAL,12,12,30.8,6.1,12.9,.471,1.5,3.4,.439,4.6,9.5,.482,.529,1.8,2.4,.759,0.8,2.2,2.9,2.1,1.0,0.3,1.8,1.8,15.5
82,Darren Collison,PG,28,SAC,8,1,29.0,5.3,11.6,.452,1.1,2.8,.409,4.1,8.9,.465,.500,2.3,3.0,.750,0.3,0.9,1.1,4.6,0.9,0.0,1.8,1.9,13.9
83,Nick Collison,PF,35,OKC,10,0,13.7,1.1,2.4,.458,0.0,0.2,.000,1.1,2.2,.500,.458,0.4,0.4,1.000,1.2,2.4,3.6,1.2,0.6,0.5,1.2,2.2,2.6
84,Mike Conley,PG,28,MEM,13,13,31.8,5.2,12.7,.406,1.7,4.5,.379,3.5,8.2,.421,.473,2.8,3.5,.822,0.6,2.2,2.8,6.7,1.3,0.0,1.8,1.9,14.8
85,Pat Connaughton,SG,23,POR,4,0,2.0,0.3,1.0,.250,0.3,0.3,1.000,0.0,0.8,.000,.375,0.5,0.5,1.000,0.3,0.0,0.3,0.0,0.0,0.0,0.3,0.0,1.3
86,Chris Copeland,PF,31,MIL,9,1,9.3,1.3,3.7,.364,0.8,2.3,.333,0.6,1.3,.417,.470,0.3,0.3,1.000,0.1,0.6,0.7,0.6,0.2,0.0,0.3,1.1,3.8
87,DeMarcus Cousins,PF,25,SAC,8,8,32.3,8.6,20.0,.431,1.8,4.3,.412,6.9,15.8,.437,.475,8.5,11.1,.764,2.9,8.3,11.1,2.3,0.5,1.1,3.1,3.8,27.5
88,Robert Covington,SF,25,PHI,4,2,22.3,2.0,9.3,.216,0.0,4.5,.000,2.0,4.8,.421,.216,3.0,3.3,.923,0.5,3.3,3.8,1.5,1.5,0.8,3.5,3.5,7.0
89,Allen Crabbe,SG,23,POR,14,1,22.6,3.4,7.0,.480,0.9,2.6,.361,2.4,4.4,.548,.546,0.6,0.8,.818,0.3,1.8,2.1,1.1,0.7,0.1,0.8,2.6,8.3
90,Jamal Crawford,SG,35,LAC,12,2,25.6,4.8,11.9,.399,1.3,3.9,.319,3.5,8.0,.438,.451,3.5,3.7,.955,0.3,1.8,2.0,2.2,0.6,0.1,1.4,1.8,14.3
91,Jae Crowder,SF,25,BOS,12,12,30.5,4.0,9.3,.432,1.3,3.8,.326,2.8,5.4,.508,.500,2.7,3.2,.842,1.5,3.7,5.2,1.8,2.8,0.4,1.9,2.2,11.9
92,Dante Cunningham,SF,28,NOP,13,4,23.8,2.5,4.9,.500,0.5,1.8,.304,1.9,3.2,.610,.555,0.4,0.6,.625,0.9,3.2,4.2,0.7,0.5,0.3,0.4,2.1,5.8
93,Jared Cunningham,SG,24,CLE,10,1,10.7,1.0,2.3,.435,0.2,0.6,.333,0.8,1.7,.471,.478,1.1,1.8,.611,0.0,0.7,0.7,0.8,0.1,0.1,0.4,1.1,3.3
94,Seth Curry,PG,25,SAC,6,0,6.0,1.3,2.2,.615,0.7,1.0,.667,0.7,1.2,.571,.769,0.0,0.0,,0.0,0.2,0.2,1.0,0.0,0.0,0.0,0.2,3.3
95,Stephen Curry,PG,27,GSW,14,14,35.6,11.1,21.5,.515,5.1,11.5,.441,6.0,10.0,.600,.633,6.4,6.9,.938,0.5,4.8,5.3,5.6,2.6,0.2,3.9,1.9,33.6
96,Troy Daniels,SG,24,CHO,5,0,3.4,0.4,1.2,.333,0.4,0.8,.500,0.0,0.4,.000,.500,0.2,0.4,.500,0.0,0.6,0.6,0.2,0.0,0.0,0.2,0.2,1.4
97,Anthony Davis,PF,22,NOP,10,10,33.4,8.1,17.4,.466,0.7,2.0,.350,7.4,15.4,.481,.486,5.5,7.4,.743,1.5,7.9,9.4,2.1,1.0,2.4,2.3,2.7,22.4
98,Ed Davis,PF,26,POR,14,0,20.9,2.4,3.9,.618,0.0,0.0,,2.4,3.9,.618,.618,1.4,2.5,.543,2.6,4.6,7.2,1.0,0.6,0.8,0.9,2.9,6.2
99,Dewayne Dedmon,C,26,ORL,11,4,18.2,2.0,4.2,.478,0.0,0.0,,2.0,4.2,.478,.478,1.4,1.7,.789,1.6,3.9,5.5,0.2,0.7,1.5,0.7,3.2,5.4
100,Sam Dekker,SF,21,HOU,3,0,2.0,0.0,0.0,,0.0,0.0,,0.0,0.0,,,0.0,0.0,,0.0,0.3,0.3,0.0,0.3,0.0,0.0,0.0,0.0
101,Matthew Dellavedova,SG,25,CLE,12,1,26.9,2.8,6.8,.407,0.8,2.7,.313,1.9,4.1,.469,.469,0.6,0.8,.778,0.5,2.0,2.5,5.9,0.8,0.0,1.6,2.1,6.9
102,Luol Deng,SF,30,MIA,11,11,28.6,3.9,8.9,.439,1.2,3.7,.317,2.7,5.2,.526,.505,1.4,2.2,.625,1.1,3.0,4.1,1.3,1.0,0.5,0.7,1.7,10.4
103,DeMar DeRozan,SG,26,TOR,14,14,35.5,6.6,15.7,.423,0.3,1.4,.200,6.4,14.3,.445,.432,7.3,8.9,.816,0.7,3.6,4.4,4.3,1.3,0.2,2.6,1.9,20.9
104,Boris Diaw,PF,33,SAS,12,0,19.6,2.4,4.8,.500,0.3,0.9,.364,2.1,3.9,.532,.534,0.7,0.9,.727,0.7,2.3,3.0,3.4,0.5,0.4,0.9,1.3,5.8
105,Gorgui Dieng,C,26,MIN,13,0,18.9,2.6,5.5,.479,0.0,0.0,,2.6,5.5,.479,.479,1.2,1.4,.833,1.4,3.6,5.0,0.4,1.2,0.8,1.5,2.1,6.4
106,Spencer Dinwiddie,PG,22,DET,4,0,16.3,2.5,5.5,.455,0.3,1.5,.167,2.3,4.0,.563,.477,1.8,3.0,.583,0.0,1.3,1.3,1.8,0.5,0.0,1.0,2.8,7.0
107,Toney Douglas,PG,29,NOP,11,0,18.0,2.9,6.7,.432,1.0,2.5,.393,1.9,4.2,.457,.507,1.3,1.4,.933,0.5,1.2,1.6,2.3,1.0,0.0,1.3,2.2,8.1
108,Goran Dragic,SG,29,MIA,11,11,31.1,4.1,9.8,.417,0.7,2.8,.258,3.4,7.0,.481,.454,2.0,2.5,.786,0.5,2.3,2.7,4.6,0.7,0.3,2.1,2.7,10.9
109,Andre Drummond,C,22,DET,12,12,36.7,8.2,14.9,.547,0.0,0.0,,8.2,14.9,.547,.547,2.9,6.9,.422,6.0,12.3,18.3,0.9,1.8,1.3,2.8,3.5,19.3
110,Jared Dudley,PF,30,WAS,8,0,21.0,1.9,4.1,.455,0.9,2.4,.368,1.0,1.8,.571,.561,0.8,1.0,.750,0.4,3.9,4.3,1.0,0.6,0.4,0.8,1.0,5.4
111,Tim Duncan,C,39,SAS,12,12,26.5,4.2,7.8,.538,0.0,0.1,.000,4.2,7.7,.543,.538,2.6,3.3,.775,1.8,6.2,8.0,2.9,0.6,1.9,1.9,2.6,10.9
112,Kevin Durant,SF,27,OKC,8,8,34.8,9.6,19.1,.503,2.6,5.9,.447,7.0,13.3,.528,.572,6.3,7.0,.893,0.3,7.0,7.3,3.0,0.8,1.3,2.3,1.6,28.1
113,Cleanthony Early,SF,24,NYK,5,0,3.6,0.6,0.8,.750,0.2,0.4,.500,0.4,0.4,1.000,.875,0.0,0.0,,0.0,0.4,0.4,0.2,0.2,0.0,0.0,0.4,1.4
114,Wayne Ellington,SG,28,BRK,13,2,13.8,1.4,4.2,.327,0.5,1.8,.292,0.8,2.4,.355,.391,0.2,0.2,1.000,0.2,1.1,1.2,0.7,0.7,0.1,0.1,0.8,3.5
115,Monta Ellis,SG,30,IND,12,12,33.3,5.3,12.9,.406,0.7,2.8,.235,4.6,10.1,.455,.432,1.6,2.1,.760,0.6,2.7,3.3,5.3,1.8,0.5,2.8,2.4,12.8
118,James Ennis,F,25,MEM,1,0,1.0,0.0,1.0,.000,0.0,1.0,.000,0.0,0.0,,.000,0.0,0.0,,1.0,0.0,1.0,0.0,0.0,0.0,0.0,0.0,0.0
119,Tyler Ennis,PG,21,MIL,6,4,14.7,1.8,4.0,.458,0.3,0.5,.667,1.5,3.5,.429,.500,0.8,1.0,.833,0.3,1.2,1.5,1.5,0.3,0.0,1.2,1.5,4.8
120,Jeremy Evans,SF,28,DAL,11,1,9.5,0.8,1.3,.643,0.1,0.3,.333,0.7,1.0,.727,.679,0.5,0.6,.714,0.3,1.5,1.8,0.1,0.1,0.3,0.5,0.7,2.2
121,Festus Ezeli,C,26,GSW,14,10,20.3,3.3,5.6,.590,0.0,0.0,,3.3,5.6,.590,.590,1.7,3.1,.558,2.1,3.7,5.9,1.3,0.4,1.7,1.0,2.7,8.3
122,Kenneth Faried,PF,26,DEN,13,13,27.0,5.4,9.2,.588,0.0,0.0,,5.4,9.2,.588,.588,1.7,2.8,.595,3.2,5.9,9.1,1.1,0.6,0.9,1.5,2.4,12.5
123,Derrick Favors,PF,24,UTA,12,12,30.8,6.8,12.5,.540,0.0,0.1,.000,6.8,12.4,.544,.540,2.7,4.1,.653,2.8,6.3,9.1,1.5,1.9,1.4,1.7,2.2,16.2
124,Cristiano Felicio,C,23,CHI,1,0,1.0,0.0,0.0,,0.0,0.0,,0.0,0.0,,,0.0,0.0,,0.0,0.0,0.0,1.0,0.0,0.0,0.0,0.0,0.0
125,Raymond Felton,PG,31,DAL,13,5,24.8,3.2,8.1,.400,0.5,2.1,.222,2.8,6.0,.462,.429,1.5,1.8,.870,0.5,2.0,2.5,2.2,0.5,0.1,1.5,2.1,8.5
126,Evan Fournier,SF,23,ORL,12,12,38.4,7.2,15.4,.465,2.4,6.2,.392,4.8,9.3,.514,.543,2.7,3.3,.800,0.4,3.8,4.3,2.9,1.3,0.0,1.8,2.8,19.4
127,Randy Foye,SG,32,DEN,13,0,18.0,1.8,6.2,.296,0.7,3.7,.188,1.2,2.5,.455,.352,0.5,0.7,.778,0.2,1.3,1.5,1.5,0.4,0.2,1.0,1.2,4.9
128,Tim Frazier,PG,25,POR,7,0,2.7,0.0,0.3,.000,0.0,0.0,,0.0,0.3,.000,.000,0.0,0.0,,0.1,0.3,0.4,0.7,0.3,0.0,0.3,0.3,0.0
129,Jimmer Fredette,SG,26,NOP,4,0,3.3,0.3,1.0,.250,0.0,0.3,.000,0.3,0.8,.333,.250,0.0,0.0,,0.0,0.0,0.0,0.3,0.3,0.0,0.3,0.3,0.5
130,Channing Frye,C,32,ORL,7,2,15.6,2.4,5.1,.472,1.4,3.9,.370,1.0,1.3,.778,.611,0.4,0.6,.750,1.1,2.7,3.9,0.6,0.1,0.1,0.6,1.7,6.7
131,Danilo Gallinari,SF,27,DEN,13,13,33.9,5.3,12.9,.411,1.7,4.4,.386,3.6,8.5,.423,.476,5.7,6.3,.902,1.7,3.8,5.5,2.5,0.5,0.8,1.2,1.8,18.0
132,Langston Galloway,PG,24,NYK,13,0,26.5,3.5,7.5,.474,1.8,3.3,.558,1.7,4.2,.407,.598,1.7,2.2,.759,0.8,3.4,4.2,2.2,1.2,0.1,0.7,2.2,10.6
133,Kevin Garnett,PF,39,MIN,11,11,15.6,1.2,2.7,.433,0.0,0.0,,1.2,2.7,.433,.433,0.2,0.5,.333,0.3,4.6,4.9,1.4,0.8,0.2,0.4,1.5,2.5
134,Marc Gasol,C,31,MEM,13,13,33.0,5.8,12.3,.469,0.2,0.2,.667,5.6,12.1,.465,.475,4.6,5.4,.857,1.4,5.2,6.5,4.2,0.5,0.7,2.2,2.8,16.3
135,Pau Gasol,C,35,CHI,12,12,29.3,5.8,12.8,.455,0.0,0.5,.000,5.8,12.3,.473,.455,2.2,2.8,.765,1.8,7.8,9.7,2.3,0.8,2.0,1.4,1.8,13.8
136,Rudy Gay,SF,29,SAC,12,12,31.6,7.1,16.0,.443,0.8,2.5,.333,6.3,13.5,.463,.469,2.4,3.0,.806,1.8,5.0,6.8,2.7,1.2,0.2,2.1,2.8,17.4
137,Alonzo Gee,SF,28,NOP,13,6,19.8,1.5,3.2,.452,0.2,0.9,.167,1.3,2.3,.567,.476,0.1,0.1,1.000,0.8,2.4,3.2,0.5,1.1,0.2,1.1,2.5,3.2
138,Paul George,PF,25,IND,12,12,36.1,8.3,18.8,.442,2.7,6.3,.427,5.7,12.6,.450,.513,5.9,7.0,.845,1.8,6.8,8.6,4.7,1.6,0.2,3.6,2.8,25.3
139,Taj Gibson,PF,30,CHI,12,0,21.9,2.6,5.3,.492,0.0,0.1,.000,2.6,5.2,.500,.492,1.3,2.2,.577,1.8,3.3,5.2,1.3,0.3,1.2,1.2,2.7,6.4
140,Manu Ginobili,SG,38,SAS,9,0,20.6,4.6,9.1,.500,1.6,3.9,.400,3.0,5.2,.574,.585,1.0,1.2,.818,0.7,2.7,3.3,3.7,1.3,0.2,1.4,1.1,11.7
141,Rudy Gobert,C,23,UTA,10,10,34.7,3.2,6.1,.525,0.0,0.0,,3.2,6.1,.525,.525,2.3,3.8,.605,3.5,7.6,11.1,1.9,0.8,3.0,2.3,3.0,8.7
142,Drew Gooden,PF,34,WAS,6,0,12.8,1.0,4.2,.240,0.3,1.7,.200,0.7,2.5,.267,.280,0.3,0.3,1.000,1.8,2.7,4.5,0.5,0.5,0.7,0.5,1.0,2.7
143,Archie Goodwin,SG,21,PHO,9,0,12.2,1.4,3.2,.448,0.2,0.8,.286,1.2,2.4,.500,.483,1.6,2.7,.583,0.2,2.0,2.2,0.8,0.1,0.1,1.1,0.4,4.7
144,Aaron Gordon,PF,20,ORL,12,0,19.7,2.9,6.4,.455,0.3,1.4,.235,2.6,5.0,.517,.481,2.3,3.4,.683,2.2,2.7,4.8,1.3,0.7,1.1,1.0,2.3,8.5
145,Eric Gordon,SG,27,NOP,13,13,35.9,6.5,16.0,.404,2.7,7.8,.343,3.8,8.2,.462,.488,2.8,3.2,.878,0.5,2.1,2.5,3.2,1.2,0.2,1.5,2.5,18.4
146,Marcin Gortat,C,31,WAS,9,9,27.8,3.8,8.1,.466,0.0,0.0,,3.8,8.1,.466,.466,3.3,4.2,.789,1.8,6.0,7.8,1.6,0.4,1.1,2.0,2.1,10.9
147,Jerami Grant,SF,21,PHI,13,10,26.9,3.8,8.4,.450,0.3,1.8,.174,3.5,6.6,.523,.468,2.7,3.8,.714,1.4,3.5,4.8,1.0,0.6,1.6,1.2,3.0,10.5
148,Jerian Grant,PG,23,NYK,13,0,20.0,2.1,5.5,.380,0.2,1.3,.118,1.9,4.2,.463,.394,2.1,2.5,.818,0.2,2.2,2.5,3.3,0.5,0.0,1.3,2.1,6.4
149,Danny Green,SG,28,SAS,12,12,28.6,2.5,7.8,.323,1.4,4.5,.315,1.1,3.3,.333,.414,0.7,0.9,.727,0.5,3.8,4.3,2.4,0.6,0.8,1.3,1.3,7.1
150,Draymond Green,PF,25,GSW,14,14,33.8,4.4,9.6,.459,1.6,3.7,.423,2.9,5.9,.482,.541,1.9,2.4,.788,1.4,6.6,7.9,6.9,1.3,1.3,2.6,3.2,12.3
151,Erick Green,PG,24,DEN,3,0,2.3,0.0,0.3,.000,0.0,0.3,.000,0.0,0.0,,.000,0.0,0.0,,0.0,0.3,0.3,0.3,0.0,0.0,0.0,0.0,0.0
152,Gerald Green,SG,30,MIA,5,0,18.6,2.6,8.4,.310,1.6,4.6,.348,1.0,3.8,.263,.405,0.8,0.8,1.000,0.4,2.0,2.4,0.6,0.0,0.0,0.8,2.6,7.6
153,JaMychal Green,PF,25,MEM,13,1,18.2,2.3,5.2,.441,0.4,0.7,.556,1.9,4.5,.424,.478,1.5,1.8,.792,1.5,3.4,4.9,0.4,0.5,0.5,1.2,2.4,6.5
154,Jeff Green,SF,29,MEM,13,4,25.3,3.1,8.2,.374,0.7,2.2,.310,2.4,6.0,.397,.416,2.5,2.8,.889,0.7,2.8,3.5,1.5,0.7,0.3,1.3,2.4,9.3
155,Blake Griffin,PF,26,LAC,12,12,34.3,10.6,19.2,.552,0.1,0.4,.200,10.5,18.8,.560,.554,4.9,6.6,.747,2.2,6.4,8.6,4.6,0.8,0.5,1.9,3.1,26.2
156,P.J. Hairston,SF,23,CHO,10,10,17.5,1.6,4.8,.333,0.8,3.2,.250,0.8,1.6,.500,.417,0.8,0.9,.889,0.1,2.0,2.1,0.6,0.2,0.2,0.3,2.0,4.8
157,Tyler Hansbrough,PF,30,CHO,4,0,4.0,0.8,2.0,.375,0.3,0.3,1.000,0.5,1.8,.286,.438,1.0,1.0,1.000,0.8,0.3,1.0,0.3,0.3,0.0,0.3,0.5,2.8
158,James Harden,SG,26,HOU,13,13,39.0,7.8,20.5,.378,2.5,9.6,.256,5.3,10.9,.486,.438,10.2,11.6,.881,0.8,5.3,6.2,6.2,1.9,0.9,4.9,2.5,28.2
159,Maurice Harkless,SF,22,POR,14,0,19.8,2.2,4.9,.449,0.7,1.8,.400,1.5,3.1,.477,.522,0.9,1.4,.650,1.4,2.4,3.8,1.1,0.4,0.4,1.1,1.3,6.1
160,Montrezl Harrell,PF,22,HOU,12,1,10.3,1.7,2.3,.714,0.0,0.0,,1.7,2.3,.714,.714,0.8,1.4,.529,0.8,1.2,1.9,0.2,0.3,0.3,0.7,1.3,4.1
161,Devin Harris,PG,32,DAL,13,0,22.4,2.7,7.0,.385,0.5,2.7,.171,2.2,4.3,.518,.418,1.8,2.8,.622,0.4,2.4,2.8,2.2,1.3,0.5,0.9,2.0,7.6
162,Gary Harris,SG,21,DEN,13,13,25.5,3.8,7.5,.500,1.2,2.8,.444,2.5,4.8,.532,.582,0.9,1.2,.800,0.5,2.2,2.7,1.8,1.2,0.2,1.4,1.6,9.7
163,Joe Harris,SG,24,CLE,4,0,3.5,0.3,0.8,.333,0.3,0.8,.333,0.0,0.0,,.500,0.0,0.0,,0.0,0.8,0.8,0.5,0.0,0.0,0.0,0.0,0.8
164,Tobias Harris,PF,23,ORL,12,12,32.9,5.3,12.2,.438,0.9,2.7,.344,4.4,9.5,.465,.476,2.6,3.3,.775,2.7,6.0,8.7,1.9,0.7,0.4,1.9,2.4,14.2
165,Aaron Harrison,G,21,CHO,1,0,2.0,0.0,0.0,,0.0,0.0,,0.0,0.0,,,0.0,0.0,,0.0,1.0,1.0,0.0,0.0,0.0,0.0,0.0,0.0
166,Udonis Haslem,PF,35,MIA,3,0,5.0,1.0,1.7,.600,0.0,0.3,.000,1.0,1.3,.750,.600,0.0,0.0,,0.0,2.0,2.0,0.3,0.3,0.0,0.3,0.7,2.0
167,Spencer Hawes,PF,27,CHO,13,0,17.6,2.1,5.4,.386,0.5,1.8,.292,1.5,3.5,.435,.436,0.7,1.0,.692,0.5,3.0,3.5,2.2,0.3,0.3,1.0,2.3,5.4
168,Chuck Hayes,C,32,HOU,2,0,12.0,0.5,1.0,.500,0.0,0.0,,0.5,1.0,.500,.500,1.0,1.0,1.000,0.0,4.0,4.0,1.0,0.0,0.0,1.5,3.0,2.0
169,Gordon Hayward,SF,25,UTA,12,12,34.7,5.7,13.8,.410,1.2,3.8,.304,4.5,10.0,.450,.452,3.8,5.0,.767,1.1,3.9,5.0,2.8,0.7,0.3,2.3,2.6,16.3
170,Gerald Henderson,SG,28,POR,6,0,14.3,2.0,6.0,.333,0.5,1.8,.273,1.5,4.2,.360,.375,0.3,0.7,.500,0.0,2.0,2.0,0.3,0.2,0.2,1.0,0.3,4.8
171,John Henson,C,25,MIL,8,0,14.5,2.6,4.8,.553,0.0,0.0,,2.6,4.8,.553,.553,1.3,2.1,.588,1.9,1.5,3.4,0.8,0.4,1.4,1.0,2.3,6.5
172,Mario Hezonja,SF,20,ORL,12,0,14.3,1.8,4.7,.375,0.8,2.3,.370,0.9,2.4,.379,.464,0.6,0.6,1.000,0.2,1.2,1.3,0.8,0.3,0.1,1.3,1.3,4.9
173,Roy Hibbert,C,29,LAL,12,12,26.8,2.7,5.3,.500,0.0,0.2,.000,2.7,5.2,.516,.500,3.9,4.4,.887,1.9,4.8,6.8,1.8,0.3,2.3,1.8,3.2,9.3
174,J.J. Hickson,C,27,DEN,11,8,17.7,3.5,6.3,.551,0.0,0.0,,3.5,6.3,.551,.551,1.3,2.7,.467,1.1,3.6,4.7,1.0,0.5,0.8,0.8,2.0,8.2
175,Nene Hilario,PF,33,WAS,8,0,18.1,2.6,5.3,.500,0.0,0.1,.000,2.6,5.1,.512,.500,1.8,3.3,.538,0.9,4.3,5.1,2.0,0.6,0.1,1.0,3.3,7.0
176,George Hill,PG,29,IND,10,10,36.9,4.6,10.6,.434,2.4,5.3,.453,2.2,5.3,.415,.547,2.4,3.3,.727,0.5,3.2,3.7,3.7,1.6,0.3,2.0,2.7,14.0
177,Jordan Hill,PF,28,IND,11,3,23.6,3.5,9.0,.384,0.0,0.0,,3.5,9.0,.384,.384,1.5,2.2,.708,3.6,4.7,8.4,1.5,0.7,0.3,1.6,2.2,8.5
178,Solomon Hill,SF,24,IND,3,0,8.3,1.3,3.3,.400,0.0,1.0,.000,1.3,2.3,.571,.400,0.0,0.0,,0.3,1.7,2.0,0.3,0.3,0.0,0.7,0.3,2.7
179,Kirk Hinrich,SG,35,CHI,5,2,17.0,3.2,5.4,.593,1.2,1.6,.750,2.0,3.8,.526,.704,1.4,1.6,.875,0.2,0.8,1.0,2.0,1.0,0.0,0.8,1.8,9.0
180,Jrue Holiday,PG,25,NOP,9,9,22.4,4.3,10.9,.398,1.0,2.9,.346,3.3,8.0,.417,.444,2.2,2.8,.800,0.0,1.6,1.6,5.0,0.9,0.3,2.7,1.9,11.9
181,Justin Holiday,SG,26,ATL,11,1,14.6,1.5,4.0,.364,0.6,2.5,.259,0.8,1.5,.529,.443,0.0,0.0,,0.3,1.3,1.5,0.8,0.7,0.4,0.8,1.1,3.5
182,Rondae Hollis-Jefferson,SF,21,BRK,13,8,20.6,2.0,4.2,.481,0.1,0.4,.200,1.9,3.8,.510,.491,0.6,1.3,.471,1.6,3.9,5.5,1.5,1.3,0.4,1.4,1.8,4.7
183,Richaun Holmes,PF,22,PHI,7,1,14.4,1.9,3.7,.500,0.1,1.0,.143,1.7,2.7,.632,.519,1.3,2.1,.600,1.4,0.9,2.3,0.6,0.1,0.9,0.4,1.6,5.1
184,Rodney Hood,SG,23,UTA,11,11,30.3,5.0,11.7,.426,1.5,5.1,.286,3.5,6.6,.534,.488,1.8,2.0,.909,0.5,1.8,2.3,3.1,1.2,0.4,1.8,3.6,13.3
185,Al Horford,C,29,ATL,14,14,31.7,7.2,14.0,.515,1.3,3.5,.367,5.9,10.5,.565,.561,1.4,1.6,.909,2.1,4.8,6.9,3.1,0.8,1.8,1.6,1.5,17.1
186,Dwight Howard,C,30,HOU,9,9,31.9,5.6,8.9,.625,0.0,0.0,,5.6,8.9,.625,.625,2.7,4.9,.545,4.7,8.9,13.6,1.9,0.6,2.0,3.1,3.6,13.8
187,Marcelo Huertas,PG,32,LAL,7,0,12.9,1.4,3.3,.435,0.4,1.1,.375,1.0,2.1,.467,.500,0.0,0.0,,0.9,1.1,2.0,3.0,0.4,0.1,1.4,1.7,3.3
188,Kris Humphries,PF,30,WAS,9,9,21.2,3.1,6.7,.467,1.6,3.3,.467,1.6,3.3,.467,.583,1.3,1.3,1.000,1.0,3.9,4.9,0.8,0.1,0.7,0.8,1.8,9.1
189,R.J. Hunter,SG,22,BOS,7,0,11.4,1.3,3.6,.360,0.6,2.3,.250,0.7,1.3,.556,.440,0.0,0.0,,0.0,1.7,1.7,0.1,0.3,0.1,0.4,1.4,3.1
190,Serge Ibaka,PF,26,OKC,13,13,33.3,5.7,12.6,.451,0.5,1.3,.412,5.2,11.3,.456,.473,0.9,1.5,.600,2.5,5.2,7.6,1.2,0.4,2.5,1.2,2.7,12.8
191,Andre Iguodala,SG,32,GSW,14,0,29.1,3.6,7.0,.510,1.3,2.9,.450,2.3,4.1,.552,.602,0.7,1.3,.556,1.1,3.3,4.4,4.2,1.3,0.1,1.1,1.8,9.1
192,Ersan Ilyasova,PF,28,DET,12,12,25.0,3.3,7.6,.429,1.8,3.8,.457,1.5,3.8,.400,.544,1.3,1.7,.750,1.4,2.1,3.5,1.2,0.5,0.4,1.2,2.6,9.5
193,Joe Ingles,SF,28,UTA,12,0,13.1,1.5,2.8,.529,0.8,1.7,.450,0.8,1.2,.643,.662,0.2,0.2,1.000,0.1,1.6,1.7,1.0,0.5,0.1,0.4,1.1,3.9
194,Damien Inglis,SF,20,MIL,5,0,7.0,0.4,1.6,.250,0.2,1.0,.200,0.2,0.6,.333,.313,0.6,0.8,.750,0.2,1.4,1.6,0.4,0.4,0.0,0.6,1.0,1.6
195,Jarrett Jack,PG,32,BRK,12,12,32.3,5.2,12.8,.405,1.3,3.3,.375,3.9,9.4,.416,.454,2.8,3.3,.872,0.3,4.2,4.5,7.3,0.6,0.3,2.8,2.5,14.4
196,Reggie Jackson,PG,25,DET,12,12,31.8,7.4,17.1,.434,1.5,4.3,.353,5.9,12.8,.461,.478,4.1,4.9,.831,0.7,3.9,4.6,5.6,1.0,0.2,3.8,1.8,20.4
197,LeBron James,SF,31,CLE,12,12,36.5,10.4,20.2,.517,1.3,4.2,.320,9.1,16.0,.568,.550,5.1,7.9,.642,1.3,5.7,6.9,6.1,1.7,0.6,3.4,2.3,27.3
198,Al Jefferson,C,31,CHO,13,13,27.4,6.9,13.4,.517,0.0,0.0,,6.9,13.4,.517,.517,1.3,2.2,.607,1.4,5.3,6.7,1.9,0.8,1.2,0.7,2.6,15.2
199,Cory Jefferson,PF,25,PHO,1,0,5.0,1.0,3.0,.333,0.0,0.0,,1.0,3.0,.333,.333,0.0,2.0,.000,1.0,1.0,2.0,0.0,0.0,0.0,0.0,1.0,2.0
200,Richard Jefferson,SF,35,CLE,12,2,24.4,2.7,6.1,.438,1.3,3.1,.405,1.4,3.0,.472,.541,0.9,1.5,.611,0.2,1.3,1.4,0.8,0.7,0.2,1.1,2.7,7.5
201,John Jenkins,SG,24,DAL,4,1,13.8,2.5,6.8,.370,0.3,2.0,.125,2.3,4.8,.474,.389,0.8,0.8,1.000,0.5,2.0,2.5,1.0,0.0,0.0,0.8,0.5,6.0
202,Jonas Jerebko,PF,28,BOS,12,0,13.3,1.3,2.6,.484,0.2,0.5,.333,1.1,2.1,.520,.516,0.8,0.8,1.000,0.8,1.7,2.5,0.9,0.1,0.2,0.8,1.8,3.5
203,Amir Johnson,PF,28,BOS,12,9,23.4,3.4,6.0,.569,0.3,1.0,.250,3.2,5.0,.633,.590,1.1,1.8,.591,1.6,3.9,5.5,1.6,0.8,1.2,1.4,2.5,8.2
204,Chris Johnson,SF,25,UTA,9,0,4.8,0.4,1.6,.286,0.2,0.7,.333,0.2,0.9,.250,.357,0.2,0.4,.500,0.2,0.8,1.0,0.2,0.1,0.0,0.2,0.7,1.3
205,James Johnson,PF,28,TOR,10,3,15.0,1.4,2.4,.583,0.2,0.5,.400,1.2,1.9,.632,.625,0.8,1.4,.571,0.5,2.1,2.6,1.1,0.5,0.6,1.5,1.2,3.8
206,Joe Johnson,SF,34,BRK,13,13,34.1,3.9,11.7,.336,1.0,3.8,.260,2.9,7.8,.373,.378,1.9,2.3,.833,0.8,4.0,4.8,4.4,0.6,0.1,1.3,1.7,10.8
207,Stanley Johnson,SF,19,DET,12,0,20.7,3.2,8.1,.392,0.7,2.6,.258,2.5,5.5,.455,.433,0.8,1.3,.600,1.2,2.8,4.0,1.2,0.7,0.0,1.2,2.3,7.8
208,Tyler Johnson,SG,23,MIA,10,0,21.2,3.4,6.2,.548,0.9,1.7,.529,2.5,4.5,.556,.621,1.3,1.7,.765,0.8,2.1,2.9,1.9,0.7,0.5,1.1,1.8,9.0
209,Wesley Johnson,SF,28,LAC,12,0,13.9,2.0,3.8,.533,0.7,1.8,.364,1.3,1.9,.696,.622,0.3,0.5,.667,0.3,1.6,1.9,0.3,0.6,0.2,0.3,1.4,5.0
210,Nikola Jokic,C,20,DEN,12,1,15.5,2.8,5.1,.541,0.1,0.3,.333,2.7,4.8,.552,.549,1.3,1.8,.762,2.1,2.5,4.6,0.7,0.9,0.4,0.8,1.6,6.9
211,James Jones,SF,35,CLE,12,0,7.9,0.9,2.4,.379,0.8,1.9,.391,0.2,0.5,.333,.534,0.4,0.7,.625,0.2,0.8,1.0,0.3,0.2,0.1,0.3,1.1,3.0
212,Terrence Jones,PF,24,HOU,8,6,26.5,5.0,10.1,.494,0.8,2.0,.375,4.3,8.1,.523,.531,1.5,3.1,.480,1.8,3.4,5.1,1.4,0.5,1.3,1.1,2.3,12.3
213,Tyus Jones,PG,19,MIN,2,0,7.0,0.0,2.5,.000,0.0,0.5,.000,0.0,2.0,.000,.000,0.5,1.0,.500,0.0,0.5,0.5,0.5,0.5,0.0,0.0,0.5,0.5
214,DeAndre Jordan,C,27,LAC,12,12,32.5,3.9,5.5,.712,0.0,0.0,,3.9,5.5,.712,.712,2.3,6.2,.378,3.0,9.8,12.8,1.1,0.3,2.7,1.4,3.4,10.2
215,Cory Joseph,PG,24,TOR,14,0,24.8,3.6,6.5,.549,0.3,0.9,.308,3.3,5.6,.590,.571,2.4,2.9,.825,0.5,2.2,2.7,3.3,0.8,0.2,1.1,1.6,9.8
216,Chris Kaman,C,33,POR,3,2,15.7,1.7,5.0,.333,0.0,0.0,,1.7,5.0,.333,.333,0.0,0.0,,0.7,2.0,2.7,1.3,0.0,0.0,1.0,1.7,3.3
217,Frank Kaminsky,C,22,CHO,12,0,13.2,1.6,3.6,.442,0.7,1.3,.533,0.9,2.3,.393,.535,0.4,0.5,.833,0.3,1.6,1.9,1.1,0.4,0.5,0.3,0.9,4.3
218,Enes Kanter,C,23,OKC,13,0,21.7,5.5,9.4,.582,0.1,0.1,1.000,5.4,9.3,.579,.586,2.2,2.9,.737,3.4,5.5,8.8,0.8,0.1,0.5,1.5,2.6,13.2
219,Sergey Karasev,SF,22,BRK,4,0,7.5,0.5,1.3,.400,0.3,1.0,.250,0.3,0.3,1.000,.500,1.0,1.0,1.000,0.0,0.3,0.3,0.3,0.3,0.0,0.5,0.8,2.3
220,Sasha Kaun,C,30,CLE,2,0,3.5,0.0,0.0,,0.0,0.0,,0.0,0.0,,,0.0,0.0,,0.5,0.0,0.5,0.5,0.5,0.5,0.5,2.0,0.0
221,Ryan Kelly,PF,24,LAL,5,0,15.0,1.4,4.2,.333,0.2,1.6,.125,1.2,2.6,.462,.357,0.6,0.8,.750,0.2,3.6,3.8,1.0,0.4,1.0,0.6,1.0,3.6
222,Brandon Knight,SG,24,PHO,12,12,34.8,8.0,17.7,.453,2.8,6.7,.413,5.3,11.0,.477,.531,3.2,3.8,.844,1.1,3.7,4.8,5.0,1.4,0.6,3.3,2.0,21.9
223,Kyle Korver,SG,34,ATL,12,12,31.6,4.0,7.7,.522,1.7,4.2,.400,2.3,3.5,.667,.630,0.4,0.5,.833,0.1,3.8,3.9,2.3,0.8,0.3,1.1,2.3,10.1
224,Kosta Koufos,PF,26,SAC,13,5,23.5,3.7,6.8,.545,0.0,0.0,,3.7,6.8,.545,.545,0.3,0.8,.400,2.8,3.7,6.5,0.3,0.7,0.9,0.8,3.4,7.7
225,Jeremy Lamb,SG,23,CHO,12,0,23.9,5.2,9.7,.534,1.4,3.8,.370,3.8,5.8,.643,.608,0.8,1.2,.714,0.6,3.8,4.3,1.4,0.5,0.6,0.8,1.3,12.6
226,Shane Larkin,PG,23,BRK,13,1,17.5,2.8,5.8,.487,0.8,1.5,.500,2.1,4.3,.482,.553,0.5,0.7,.667,0.2,2.0,2.2,2.8,1.3,0.2,1.5,1.5,6.9
227,Joffrey Lauvergne,C,24,DEN,3,3,19.0,4.0,6.0,.667,1.0,1.3,.750,3.0,4.7,.643,.750,1.7,1.7,1.000,2.3,4.0,6.3,2.0,0.3,0.3,0.7,3.0,10.7
228,Zach LaVine,PG,20,MIN,13,4,24.1,5.2,11.4,.453,1.4,3.4,.409,3.8,8.0,.471,.514,2.2,2.5,.879,0.6,2.6,3.2,3.7,0.7,0.1,2.4,2.2,13.9
229,Ty Lawson,PG,28,HOU,13,11,33.5,2.8,8.7,.319,0.7,2.8,.250,2.1,5.9,.351,.358,2.1,3.1,.675,0.8,2.2,3.0,5.2,1.3,0.2,2.4,1.8,8.3
230,Courtney Lee,SG,30,MEM,13,10,28.5,3.0,8.3,.361,0.6,3.2,.195,2.4,5.2,.463,.398,1.9,2.1,.926,0.5,2.6,3.2,1.3,1.3,0.4,0.8,1.7,8.5
231,David Lee,PF,32,BOS,12,3,15.8,2.6,5.1,.508,0.0,0.0,,2.6,5.1,.508,.508,2.1,2.5,.833,1.3,2.8,4.1,1.6,0.3,0.3,1.3,2.1,7.3
232,Alex Len,C,22,PHO,12,0,16.3,2.3,4.8,.483,0.0,0.0,,2.3,4.8,.483,.483,1.8,2.6,.677,1.6,3.6,5.2,0.3,0.5,0.7,1.4,1.8,6.4
233,Kawhi Leonard,SF,24,SAS,11,11,33.7,8.8,17.1,.516,1.7,3.9,.442,7.1,13.2,.538,.566,2.1,2.5,.852,0.9,6.5,7.5,1.7,1.8,1.3,1.2,2.6,21.5
234,Meyers Leonard,PF,23,POR,9,9,26.3,3.3,7.6,.441,0.9,3.4,.258,2.4,4.1,.595,.500,0.9,1.0,.889,0.6,3.9,4.4,1.7,0.2,0.6,0.9,3.1,8.4
235,Jon Leuer,PF,26,PHO,12,2,16.7,2.1,5.5,.379,0.9,1.9,.478,1.2,3.6,.326,.462,0.7,1.1,.615,0.8,4.2,4.9,1.2,0.5,0.2,0.6,2.0,5.8
236,Damian Lillard,PG,25,POR,14,14,37.6,8.9,20.6,.429,3.0,8.0,.375,5.9,12.6,.463,.502,4.5,5.2,.863,0.6,3.4,4.1,6.7,1.2,0.2,3.8,2.6,25.2
237,Jeremy Lin,PG,27,CHO,13,1,23.4,3.8,9.3,.405,0.9,3.2,.286,2.8,6.1,.468,.455,3.1,3.7,.833,0.5,2.4,2.8,2.9,0.8,0.5,1.8,1.8,11.5
238,Shaun Livingston,PG,30,GSW,12,0,19.5,2.1,4.1,.510,0.0,0.3,.000,2.1,3.8,.543,.510,0.7,0.8,.889,0.5,1.4,1.9,2.1,0.4,0.3,0.8,2.0,4.8
239,Brook Lopez,C,27,BRK,13,13,34.0,7.5,15.6,.478,0.0,0.2,.000,7.5,15.4,.485,.478,4.5,5.5,.831,2.8,5.4,8.2,1.5,0.2,2.2,2.0,2.8,19.5
240,Robin Lopez,C,27,NYK,13,13,25.8,3.2,7.2,.447,0.0,0.0,,3.2,7.2,.447,.447,1.5,1.5,1.000,2.4,3.7,6.1,1.9,0.4,1.3,2.2,2.7,7.9
241,Kevin Love,PF,27,CLE,12,12,34.8,6.2,14.9,.413,2.3,6.7,.338,3.9,8.3,.475,.489,3.2,3.6,.884,3.3,8.8,12.1,2.5,0.7,0.6,2.5,2.1,17.8
242,Kyle Lowry,PG,29,TOR,14,14,35.2,6.1,14.9,.411,2.8,6.7,.415,3.4,8.2,.409,.505,5.6,6.3,.886,0.7,4.0,4.7,6.2,2.6,0.6,3.1,3.2,20.6
243,Trey Lyles,PF,20,UTA,10,2,8.3,0.7,2.6,.269,0.1,0.5,.200,0.6,2.1,.286,.288,0.2,0.4,.500,0.8,1.2,2.0,0.3,0.1,0.1,0.5,1.2,1.7
244,Shelvin Mack,PG,25,ATL,5,0,11.4,1.6,4.6,.348,0.4,1.6,.250,1.2,3.0,.400,.391,0.6,0.6,1.000,0.0,1.6,1.6,1.8,1.0,0.0,1.0,0.6,4.2
245,Ian Mahinmi,C,29,IND,11,11,24.5,3.3,6.1,.537,0.0,0.0,,3.3,6.1,.537,.537,0.4,1.8,.200,1.8,4.5,6.3,1.2,1.0,1.6,0.8,3.1,6.9
246,Devyn Marble,SG,23,ORL,2,0,3.5,0.0,2.0,.000,0.0,1.0,.000,0.0,1.0,.000,.000,0.0,0.0,,0.0,0.5,0.5,0.0,0.5,0.0,0.0,0.5,0.0
247,Boban Marjanovic,C,27,SAS,6,0,2.8,0.8,1.7,.500,0.0,0.0,,0.8,1.7,.500,.500,0.5,0.7,.750,0.7,0.5,1.2,0.2,0.0,0.0,0.5,0.7,2.2
248,Kevin Martin,SG,32,MIN,12,1,25.0,3.8,10.5,.365,0.7,2.7,.250,3.2,7.8,.404,.397,4.9,5.6,.881,0.3,2.6,2.8,1.6,0.5,0.0,1.3,1.9,13.3
249,Wesley Matthews,SG,29,DAL,11,11,28.0,3.2,9.6,.330,1.7,5.5,.311,1.5,4.1,.356,.420,2.5,2.8,.871,0.3,2.0,2.3,1.5,0.7,0.1,1.1,2.2,10.5
250,O.J. Mayo,G,28,MIL,1,0,14.0,1.0,2.0,.500,1.0,2.0,.500,0.0,0.0,,.750,0.0,0.0,,0.0,1.0,1.0,1.0,2.0,0.0,0.0,2.0,3.0
251,Luc Mbah a Moute,PF,29,LAC,9,0,5.4,0.4,1.2,.364,0.1,0.1,1.000,0.3,1.1,.300,.409,0.2,0.2,1.000,0.6,0.6,1.1,0.1,0.2,0.0,0.1,0.8,1.2
252,James Michael McAdoo,PF,23,GSW,11,0,5.0,0.6,1.2,.538,0.0,0.0,,0.6,1.2,.538,.538,0.6,1.5,.412,0.3,0.7,1.0,0.5,0.2,0.0,0.4,0.7,1.9
253,Ray McCallum,PG,24,SAS,7,0,5.0,0.7,1.3,.556,0.0,0.0,,0.7,1.3,.556,.556,0.0,0.0,,0.0,0.9,0.9,0.1,0.3,0.0,0.4,0.4,1.4
254,C.J. McCollum,SG,24,POR,14,14,34.9,7.6,17.1,.442,1.9,5.3,.365,5.6,11.9,.476,.498,3.1,3.5,.878,0.6,3.0,3.6,3.0,0.9,0.2,2.3,2.4,20.1
255,T.J. McConnell,PG,23,PHI,13,10,28.7,3.3,6.5,.506,0.5,1.6,.333,2.8,4.9,.563,.547,0.0,0.0,,0.6,4.5,5.1,6.5,1.2,0.5,2.6,1.8,7.2
256,K.J. McDaniels,SG,22,HOU,5,0,6.0,0.6,2.6,.231,0.2,1.2,.167,0.4,1.4,.286,.269,0.4,0.8,.500,0.4,1.0,1.4,0.2,0.2,0.4,0.6,0.6,1.8
257,Doug McDermott,SF,24,CHI,12,4,20.7,3.8,7.4,.506,1.8,3.6,.512,1.9,3.8,.500,.629,0.6,0.8,.778,0.3,1.8,2.2,0.7,0.1,0.1,0.6,1.4,9.9
258,Mitch McGary,PF,23,OKC,5,0,6.2,0.6,1.2,.500,0.0,0.0,,0.6,1.2,.500,.500,0.6,1.2,.500,0.4,1.0,1.4,0.4,0.0,0.0,1.0,0.8,1.8
259,Ben McLemore,SG,22,SAC,13,7,18.9,2.7,6.1,.443,1.2,2.5,.500,1.5,3.6,.404,.544,0.8,1.2,.733,0.5,1.2,1.6,1.2,0.6,0.0,1.4,1.9,7.5
260,Josh McRoberts,PF,28,MIA,11,0,14.5,0.7,2.4,.308,0.2,0.9,.200,0.5,1.5,.375,.346,0.5,0.7,.625,0.9,1.9,2.8,1.8,0.5,0.0,1.0,1.8,2.1
261,Jodie Meeks,SG,28,DET,2,0,8.5,0.5,2.5,.200,0.0,0.0,,0.5,2.5,.200,.200,0.0,0.0,,0.5,0.5,1.0,0.0,0.0,0.0,0.5,1.0,1.0
262,Salah Mejri,C,29,DAL,4,0,5.0,0.0,0.3,.000,0.0,0.0,,0.0,0.3,.000,.000,0.0,0.0,,0.3,1.0,1.3,0.0,0.3,0.5,0.3,0.3,0.0
263,Jordan Mickey,PF,21,BOS,2,0,2.5,0.5,1.0,.500,0.0,0.0,,0.5,1.0,.500,.500,1.5,1.5,1.000,1.0,0.5,1.5,0.5,0.0,0.5,0.0,0.5,2.5
264,Khris Middleton,SG,24,MIL,12,12,35.8,4.6,12.2,.377,1.8,4.2,.420,2.8,8.0,.354,.449,3.1,3.4,.902,0.3,3.0,3.3,2.4,1.2,0.2,1.3,3.4,14.0
265,C.J. Miles,SF,28,IND,9,8,27.3,4.4,10.2,.435,2.6,6.2,.411,1.9,4.0,.472,.560,2.1,2.7,.792,0.4,1.6,2.0,1.3,1.6,0.3,1.9,2.1,13.6
266,Andre Miller,PG,39,MIN,6,0,15.0,2.2,3.7,.591,0.0,0.2,.000,2.2,3.5,.619,.591,0.5,0.7,.750,0.7,1.0,1.7,3.2,1.0,0.0,1.3,2.3,4.8
267,Mike Miller,SF,35,DEN,9,0,4.1,0.4,1.0,.444,0.4,1.0,.444,0.0,0.0,,.667,0.0,0.0,,0.0,0.8,0.8,0.2,0.2,0.0,0.1,0.3,1.3
268,Patrick Mills,PG,27,SAS,12,0,21.5,3.5,7.7,.457,1.7,3.8,.435,1.8,3.8,.478,.565,0.1,0.2,.500,0.3,1.8,2.1,2.7,1.3,0.2,1.2,1.0,8.8
269,Elijah Millsap,SG,28,UTA,7,0,6.4,0.3,1.4,.200,0.1,0.4,.333,0.1,1.0,.143,.250,0.7,0.9,.833,0.3,0.9,1.1,0.4,0.1,0.1,0.3,1.4,1.4
270,Paul Millsap,PF,30,ATL,14,14,34.5,6.4,13.0,.489,1.3,3.5,.367,5.1,9.5,.534,.538,4.1,5.5,.753,2.1,7.1,9.2,3.6,2.0,1.1,2.6,2.6,18.1
271,Nikola Mirotic,PF,24,CHI,12,12,25.3,3.7,10.1,.364,1.7,5.3,.313,2.0,4.8,.421,.446,2.9,3.4,.854,1.1,5.3,6.4,1.3,1.0,0.3,2.1,2.3,11.9
272,Greg Monroe,C,25,MIL,12,12,33.3,6.8,12.9,.529,0.0,0.0,,6.8,12.9,.529,.529,2.9,4.1,.714,3.0,6.6,9.6,2.9,1.3,0.9,2.0,2.3,16.6
273,Luis Montero,SG,22,POR,2,0,3.0,0.5,1.0,.500,0.5,0.5,1.000,0.0,0.5,.000,.750,0.0,0.0,,0.0,0.5,0.5,0.0,0.0,0.0,0.5,0.0,1.5
274,E'Twaun Moore,SG,26,CHI,12,0,18.4,2.4,5.0,.483,0.5,1.2,.429,1.9,3.8,.500,.533,0.3,0.5,.667,0.1,1.9,2.0,1.1,0.5,0.2,0.7,1.3,5.7
275,Eric Moreland,PF,24,SAC,3,0,3.7,0.3,0.7,.500,0.0,0.0,,0.3,0.7,.500,.500,0.0,0.7,.000,0.3,0.7,1.0,0.0,0.0,0.3,0.0,0.0,0.7
276,Marcus Morris,SF,26,DET,12,12,37.5,5.2,13.5,.383,0.9,3.8,.239,4.3,9.7,.440,.417,3.4,4.6,.745,1.8,4.6,6.4,1.9,1.6,0.4,1.7,2.6,14.7
277,Markieff Morris,PF,26,PHO,10,10,24.9,4.9,13.3,.368,0.7,2.6,.269,4.2,10.7,.393,.395,1.4,2.1,.667,1.4,3.6,5.0,1.3,0.9,0.5,2.0,2.7,11.9
278,Anthony Morrow,SG,30,OKC,12,4,15.4,1.5,4.4,.340,0.9,2.9,.314,0.6,1.5,.389,.443,0.0,0.0,,0.3,1.0,1.3,0.3,0.6,0.0,0.3,0.9,3.9
279,Timofey Mozgov,C,29,CLE,12,12,20.8,2.8,5.3,.516,0.1,0.3,.333,2.7,5.1,.525,.523,2.3,3.0,.778,1.3,3.3,4.6,0.5,0.3,1.1,1.2,2.1,7.9
280,Emmanuel Mudiay,PG,19,DEN,13,13,30.2,4.6,13.8,.333,1.0,3.6,.277,3.6,10.2,.353,.369,2.3,3.5,.667,0.8,3.2,3.9,6.3,1.2,0.9,4.4,2.1,12.5
281,Shabazz Muhammad,SG,23,MIN,13,0,17.7,3.0,6.0,.500,0.2,1.2,.188,2.8,4.8,.581,.519,1.6,2.1,.778,0.8,1.7,2.5,0.4,0.1,0.1,0.9,1.4,7.8
282,Mike Muscala,PF,24,ATL,8,0,9.6,1.0,1.9,.533,0.4,0.5,.750,0.6,1.4,.455,.633,0.6,0.9,.714,0.0,1.0,1.0,0.8,0.3,0.3,0.5,0.6,3.0
283,Larry Nance Jr.,PF,23,LAL,8,0,17.9,2.0,3.9,.516,0.1,0.3,.500,1.9,3.6,.517,.532,0.3,0.5,.500,0.8,3.1,3.9,0.5,0.3,0.0,0.5,1.6,4.4
284,Shabazz Napier,PG,24,ORL,11,0,12.3,1.8,4.4,.417,0.8,2.0,.409,1.0,2.4,.423,.510,0.5,0.5,.833,0.1,0.6,0.7,1.4,0.5,0.0,1.3,0.9,4.9
285,Gary Neal,SG,31,WAS,9,1,19.1,3.3,7.4,.448,0.8,2.1,.368,2.6,5.3,.479,.500,0.9,0.9,1.000,0.1,1.2,1.3,1.0,0.6,0.0,0.8,1.1,8.3
286,Jameer Nelson,PG,33,DEN,11,0,24.5,3.0,8.8,.340,1.1,4.1,.267,1.9,4.7,.404,.402,0.9,1.2,.769,0.4,2.1,2.5,4.6,0.6,0.0,1.6,2.8,8.0
287,Raul Neto,PG,23,UTA,12,12,17.0,1.6,4.7,.339,0.8,2.2,.346,0.8,2.5,.333,.420,0.1,0.2,.500,0.3,0.8,1.1,2.3,1.0,0.1,1.2,1.5,4.0
288,Andrew Nicholson,PF,26,ORL,3,0,9.7,1.0,4.7,.214,0.7,1.3,.500,0.3,3.3,.100,.286,0.0,0.0,,0.7,2.0,2.7,0.0,0.0,0.3,0.3,1.3,2.7
289,Joakim Noah,C,30,CHI,11,0,20.5,1.1,3.5,.316,0.0,0.0,,1.1,3.5,.316,.316,0.4,1.2,.308,2.6,5.7,8.4,3.5,0.7,0.6,2.0,2.8,2.5
290,Nerlens Noel,PF,21,PHI,11,10,31.5,4.6,10.9,.425,0.0,0.0,,4.6,10.9,.425,.425,1.8,3.0,.606,2.3,6.5,8.8,1.3,1.5,1.1,3.2,2.5,11.1
291,Lucas Nogueira,C,23,TOR,2,0,2.5,0.5,0.5,1.000,0.0,0.0,,0.5,0.5,1.000,1.000,0.5,0.5,1.000,0.0,0.0,0.0,0.0,0.5,0.5,0.0,0.0,1.5
292,Steve Novak,PF,32,OKC,1,0,1.0,1.0,1.0,1.000,1.0,1.0,1.000,0.0,0.0,,1.500,0.0,0.0,,0.0,1.0,1.0,0.0,0.0,0.0,0.0,0.0,3.0
293,Dirk Nowitzki,PF,37,DAL,12,12,28.9,7.0,13.2,.532,2.0,3.8,.533,5.0,9.4,.531,.608,2.6,2.8,.912,0.5,6.3,6.8,1.5,0.6,0.6,1.1,2.3,18.6
294,Johnny O'Bryant,PF,22,MIL,12,3,17.9,1.6,3.6,.442,0.0,0.0,,1.6,3.6,.442,.442,1.2,1.6,.737,1.4,2.3,3.7,0.9,0.2,0.3,0.3,2.2,4.3
295,Kyle O'Quinn,PF,25,NYK,12,0,13.8,2.2,4.7,.464,0.0,0.3,.000,2.2,4.4,.491,.464,0.8,1.0,.750,1.8,2.7,4.4,1.2,0.4,1.1,1.0,2.2,5.1
296,Jahlil Okafor,C,20,PHI,13,13,33.2,7.8,16.4,.474,0.0,0.0,,7.8,16.4,.474,.474,2.5,4.0,.635,2.3,5.2,7.5,1.3,0.3,1.5,3.0,2.9,18.1
297,Victor Oladipo,SG,23,ORL,10,10,33.5,5.2,14.2,.366,1.2,4.5,.267,4.0,9.7,.412,.408,1.7,2.2,.773,0.5,6.0,6.5,3.7,1.5,0.8,1.6,2.1,13.3
298,Kelly Olynyk,C,24,BOS,11,0,17.5,3.0,7.5,.402,0.9,3.2,.286,2.1,4.3,.489,.463,0.7,1.0,.727,1.4,3.0,4.4,1.5,1.2,0.8,1.6,2.5,7.6
299,Kelly Oubre,SF,20,WAS,6,0,10.0,1.8,3.8,.478,0.5,1.7,.300,1.3,2.2,.615,.543,0.7,1.5,.444,0.0,1.5,1.5,0.3,0.0,0.0,0.5,1.8,4.8
300,Zaza Pachulia,C,31,DAL,13,13,28.2,3.2,6.7,.471,0.0,0.0,,3.2,6.7,.471,.471,4.3,5.5,.789,3.0,7.0,10.0,2.0,0.8,0.5,1.6,2.5,10.6
301,Kostas Papanikolaou,SF,25,DEN,9,0,7.7,1.0,1.9,.529,0.2,0.9,.250,0.8,1.0,.778,.588,0.1,0.2,.500,0.3,1.0,1.3,0.2,0.2,0.1,0.3,0.6,2.3
302,Jabari Parker,PF,20,MIL,6,6,23.7,3.8,7.3,.523,0.0,0.0,,3.8,7.3,.523,.523,0.7,0.8,.800,0.7,2.7,3.3,0.8,0.3,0.2,0.7,1.2,8.3
303,Tony Parker,PG,33,SAS,12,12,27.5,5.0,9.5,.526,0.2,0.3,.500,4.8,9.2,.527,.535,2.4,2.9,.829,0.2,1.8,1.9,4.3,0.8,0.0,1.8,1.8,12.6
304,Chandler Parsons,SF,27,DAL,9,8,17.1,3.2,6.6,.492,0.7,2.2,.300,2.6,4.3,.590,.542,0.4,1.2,.364,0.4,2.4,2.9,0.9,0.4,0.3,1.2,1.2,7.6
305,Lamar Patterson,SG,24,ATL,8,0,14.3,0.9,2.5,.350,0.5,1.6,.308,0.4,0.9,.429,.450,1.0,1.4,.727,0.4,1.1,1.5,1.4,0.4,0.0,0.5,1.6,3.3
306,Patrick Patterson,PF,26,TOR,14,0,20.9,2.2,5.9,.373,1.2,3.8,.321,1.0,2.1,.467,.476,0.1,0.1,1.000,0.8,2.8,3.6,1.0,0.7,0.2,1.1,1.3,5.8
307,Chris Paul,PG,30,LAC,9,9,32.0,5.9,13.3,.442,1.4,4.2,.342,4.4,9.1,.488,.496,4.1,4.9,.841,0.1,3.3,3.4,8.0,1.4,0.0,2.7,2.6,17.3
308,Adreian Payne,PF,24,MIN,8,2,11.9,1.8,3.6,.483,0.4,0.6,.600,1.4,3.0,.458,.534,0.4,0.5,.750,0.6,2.3,2.9,0.5,0.3,0.1,1.1,1.9,4.3
309,Cameron Payne,PG,21,OKC,6,0,4.0,0.3,1.2,.286,0.2,0.7,.250,0.2,0.5,.333,.357,0.0,0.0,,0.0,0.2,0.2,0.8,0.2,0.0,0.3,0.7,0.8
310,Elfrid Payton,PG,21,ORL,12,12,31.8,4.1,11.1,.368,0.5,1.4,.353,3.6,9.7,.371,.391,2.3,3.1,.757,1.3,3.0,4.3,6.0,1.6,0.3,2.7,2.5,11.0
311,Kendrick Perkins,C,31,NOP,3,2,9.3,2.7,3.3,.800,0.0,0.0,,2.7,3.3,.800,.800,0.0,0.0,,0.3,2.3,2.7,0.7,0.0,0.0,0.0,0.7,5.3
312,Paul Pierce,SF,38,LAC,11,2,22.7,1.7,5.2,.333,1.0,3.5,.282,0.7,1.6,.444,.430,1.2,1.5,.813,0.4,3.7,4.1,1.6,0.6,0.0,0.6,1.5,5.6
313,Tibor Pleiss,C,26,UTA,4,0,3.3,0.5,1.0,.500,0.0,0.0,,0.5,1.0,.500,.500,0.0,0.0,,0.0,0.3,0.3,0.0,0.0,0.3,0.3,1.0,1.0
314,Mason Plumlee,C,25,POR,14,14,28.1,3.8,6.5,.582,0.0,0.0,,3.8,6.5,.582,.582,2.3,4.4,.525,2.6,5.3,7.9,2.5,1.2,1.1,2.0,3.2,9.9
315,Miles Plumlee,C,27,MIL,10,0,6.7,0.9,1.5,.600,0.0,0.0,,0.9,1.5,.600,.600,0.2,0.2,1.000,0.6,0.9,1.5,0.2,0.1,0.6,0.8,1.3,2.0
316,Otto Porter,SF,22,WAS,9,9,33.1,5.2,10.1,.516,0.9,3.6,.250,4.3,6.6,.661,.560,2.2,2.6,.870,0.9,4.0,4.9,2.6,1.8,0.4,1.3,2.6,13.6
317,Bobby Portis,PF,20,CHI,2,0,10.0,3.0,5.0,.600,0.0,0.0,,3.0,5.0,.600,.600,0.0,0.0,,0.5,0.5,1.0,0.5,0.5,0.5,1.0,1.0,6.0
318,Kristaps Porzingis,PF,20,NYK,13,13,25.4,4.5,11.2,.407,0.8,2.8,.278,3.8,8.4,.450,.441,2.5,3.2,.805,2.8,5.6,8.4,0.7,0.8,1.1,1.6,3.2,12.4
319,Dwight Powell,PF,24,DAL,13,0,22.2,4.0,7.4,.542,0.0,0.0,,4.0,7.4,.542,.542,2.2,3.4,.659,1.8,5.8,7.6,1.3,0.6,0.8,0.8,2.8,10.2
320,Norman Powell,SG,22,TOR,8,0,6.9,0.6,2.8,.227,0.0,0.4,.000,0.6,2.4,.263,.227,0.0,0.0,,0.4,0.8,1.1,0.1,0.4,0.0,0.4,0.6,1.3
321,Phil Pressey,PG,24,PHI,9,0,11.6,1.7,3.7,.455,0.4,1.1,.400,1.2,2.6,.478,.515,0.6,1.0,.556,0.0,1.4,1.4,3.4,0.6,0.0,1.2,0.8,4.3
322,Ronnie Price,PG,32,PHO,10,0,12.6,1.5,3.2,.469,1.0,2.4,.417,0.5,0.8,.625,.625,0.6,0.7,.857,0.1,0.9,1.0,1.4,0.9,0.2,0.7,1.7,4.6
323,Pablo Prigioni,PG,38,LAC,5,1,11.6,0.4,3.2,.125,0.4,2.4,.167,0.0,0.8,.000,.188,0.0,0.0,,0.4,0.6,1.0,1.2,1.0,0.0,0.8,1.0,1.2
324,Tayshaun Prince,SF,35,MIN,13,13,22.2,1.4,3.0,.462,0.1,0.3,.250,1.3,2.7,.486,.474,0.3,0.7,.444,0.5,1.9,2.5,0.8,0.4,0.2,0.5,1.0,3.2
325,Julius Randle,PF,21,LAL,12,12,28.7,4.3,9.8,.436,0.0,0.3,.000,4.3,9.5,.447,.436,2.6,4.0,.646,1.1,7.3,8.4,2.5,0.7,0.6,2.2,3.3,11.1
326,Zach Randolph,PF,34,MEM,12,12,30.4,6.0,12.8,.471,0.0,0.1,.000,6.0,12.7,.474,.471,2.5,2.9,.857,2.5,6.2,8.7,1.8,0.8,0.1,2.3,2.1,14.5
327,J.J. Redick,SG,31,LAC,9,9,27.7,4.9,10.0,.489,1.9,4.6,.415,3.0,5.4,.551,.583,2.2,2.4,.909,0.2,0.7,0.9,1.7,0.7,0.2,1.3,2.2,13.9
328,Josh Richardson,SG,22,MIA,3,1,14.0,1.0,2.3,.429,0.7,1.3,.500,0.3,1.0,.333,.571,0.3,0.7,.500,0.0,1.0,1.0,0.7,0.3,0.0,0.3,2.3,3.0
329,Austin Rivers,SG,23,LAC,12,3,25.0,3.5,8.0,.438,0.8,2.9,.286,2.7,5.1,.525,.490,1.4,2.5,.567,0.3,1.3,1.6,1.1,1.0,0.3,0.8,2.0,9.3
330,Andre Roberson,SG,24,OKC,12,12,22.3,2.1,4.4,.472,0.6,1.9,.304,1.5,2.5,.600,.538,0.5,0.8,.600,0.8,2.3,3.1,0.8,0.7,0.5,0.4,2.0,5.3
331,Brian Roberts,PG,30,CHO,7,0,7.3,0.9,2.4,.353,0.0,0.3,.000,0.9,2.1,.400,.353,0.3,0.4,.667,0.1,0.4,0.6,0.7,0.0,0.0,0.1,0.3,2.0
332,Nate Robinson,PG,31,NOP,2,1,11.5,0.0,0.5,.000,0.0,0.5,.000,0.0,0.0,,.000,0.0,0.0,,0.0,0.0,0.0,2.0,0.5,0.0,0.0,2.5,0.0
333,Thomas Robinson,PF,24,BRK,13,0,12.0,1.5,2.8,.556,0.0,0.0,,1.5,2.8,.556,.556,0.5,1.1,.429,1.7,2.9,4.6,0.2,0.3,0.5,1.1,1.2,3.5
334,Glenn Robinson III,PF,22,IND,8,0,15.5,1.9,4.3,.441,0.3,1.0,.250,1.6,3.3,.500,.471,1.4,1.9,.733,0.4,1.9,2.3,0.5,0.5,0.3,0.5,0.4,5.4
335,Rajon Rondo,PG,29,SAC,13,13,35.5,5.7,13.0,.438,0.7,2.2,.310,5.0,10.8,.464,.464,0.5,1.5,.350,1.5,6.2,7.6,10.2,1.9,0.0,4.1,2.4,12.6
336,Derrick Rose,PG,27,CHI,10,10,32.4,5.5,14.6,.377,0.3,2.0,.150,5.2,12.6,.413,.387,2.3,2.9,.793,0.4,2.6,3.0,6.0,0.6,0.3,2.6,1.3,13.6
337,Terrence Ross,SF,24,TOR,8,0,17.0,2.4,6.3,.380,1.1,3.5,.321,1.3,2.8,.455,.470,0.6,0.6,1.000,0.1,1.6,1.8,0.6,0.6,0.1,0.8,2.3,6.5
338,Terry Rozier,PG,21,BOS,6,0,8.3,0.8,4.5,.185,0.2,1.5,.111,0.7,3.0,.222,.204,0.0,0.0,,0.7,0.7,1.3,0.8,0.0,0.0,0.5,0.8,1.8
339,Ricky Rubio,PG,25,MIN,9,9,30.8,3.7,10.1,.363,0.3,1.9,.176,3.3,8.2,.405,.379,4.0,4.8,.837,0.7,4.1,4.8,8.4,1.9,0.1,2.1,3.1,11.7
340,Damjan Rudez,SF,29,MIN,6,0,4.8,0.3,0.7,.500,0.2,0.5,.333,0.2,0.2,1.000,.625,0.0,0.0,,0.2,0.5,0.7,0.2,0.0,0.0,0.2,0.3,0.8
341,Brandon Rush,SG,30,GSW,7,1,8.6,0.9,2.6,.333,0.4,1.4,.300,0.4,1.1,.375,.417,0.3,0.6,.500,0.1,2.3,2.4,0.6,0.3,0.1,0.3,0.1,2.4
342,D'Angelo Russell,PG,19,LAL,12,12,25.5,4.1,10.3,.398,1.3,4.1,.327,2.8,6.2,.446,.463,0.7,0.9,.727,0.7,3.4,4.1,2.7,1.0,0.3,1.6,1.7,10.2
343,Robert Sacre,C,26,LAL,1,0,4.0,1.0,3.0,.333,0.0,0.0,,1.0,3.0,.333,.333,0.0,0.0,,1.0,1.0,2.0,0.0,0.0,0.0,1.0,0.0,2.0
344,JaKarr Sampson,SF,22,PHI,13,3,15.8,2.4,4.6,.517,0.2,0.6,.250,2.2,4.0,.558,.533,1.3,1.9,.680,0.6,2.4,3.0,0.5,0.3,0.1,1.5,2.2,6.2
345,Dennis Schroder,PG,22,ATL,14,5,24.9,4.9,11.5,.422,1.3,3.9,.333,3.6,7.6,.467,.478,1.4,1.8,.760,0.3,2.2,2.5,5.0,0.7,0.0,1.8,1.7,12.4
346,Luis Scola,PF,35,TOR,14,14,22.9,4.2,8.9,.476,0.7,1.4,.500,3.5,7.4,.471,.516,0.4,0.7,.600,1.7,4.4,6.1,0.9,0.7,0.3,1.0,2.4,9.6
347,Mike Scott,PF,27,ATL,12,0,11.5,1.5,3.7,.409,0.3,1.2,.214,1.3,2.5,.500,.443,0.8,0.9,.909,0.5,1.4,1.9,1.1,0.1,0.1,0.4,0.9,4.1
348,Thabo Sefolosha,SF,31,ATL,11,0,21.5,2.5,4.9,.500,0.6,1.5,.412,1.8,3.4,.541,.565,0.8,1.5,.563,0.9,3.8,4.7,1.3,1.6,0.5,1.1,0.9,6.4
349,Kevin Seraphin,C,26,NYK,9,0,9.2,1.8,3.9,.457,0.0,0.0,,1.8,3.9,.457,.457,0.0,0.0,,0.6,1.1,1.7,0.9,0.3,0.7,0.9,1.1,3.6
350,Ramon Sessions,PG,29,WAS,9,0,17.7,2.6,5.8,.442,0.4,0.9,.500,2.1,4.9,.432,.481,2.9,3.9,.743,0.3,1.7,2.0,2.4,1.1,0.1,1.3,1.4,8.4
351,Jonathon Simmons,SG,26,SAS,2,0,6.0,0.0,0.5,.000,0.0,0.0,,0.0,0.5,.000,.000,1.0,1.0,1.000,0.5,1.0,1.5,1.0,0.5,0.0,0.0,0.0,1.0
352,Kyle Singler,SF,27,OKC,12,1,14.4,0.9,3.8,.244,0.5,2.3,.222,0.4,1.5,.278,.311,0.4,0.8,.556,0.3,1.6,1.9,0.0,0.7,0.3,0.9,2.3,2.8
353,Donald Sloan,PG,28,BRK,2,0,10.0,0.0,2.5,.000,0.0,0.0,,0.0,2.5,.000,.000,1.0,1.0,1.000,0.5,0.5,1.0,0.0,1.0,0.0,0.5,0.5,1.0
354,Marcus Smart,PG,21,BOS,9,8,29.1,3.1,9.3,.333,1.1,4.7,.238,2.0,4.7,.429,.393,2.4,3.6,.688,0.9,2.9,3.8,3.2,1.8,0.3,1.7,3.1,9.8
355,Ish Smith,PG,27,NOP,13,3,28.8,4.4,10.7,.410,0.6,1.8,.333,3.8,8.8,.426,.439,1.2,1.5,.789,0.5,3.1,3.6,7.9,1.0,0.4,2.2,1.9,10.5
356,J.R. Smith,SG,30,CLE,9,9,29.7,3.4,9.1,.378,1.4,4.2,.342,2.0,4.9,.409,.457,0.2,0.9,.250,0.9,2.7,3.6,1.8,0.6,0.4,1.2,3.0,8.6
357,Jason Smith,C,29,ORL,7,0,13.9,2.1,5.1,.417,0.1,0.3,.500,2.0,4.9,.412,.431,1.1,1.3,.889,0.7,2.7,3.4,0.4,0.1,0.9,0.9,2.3,5.6
358,Josh Smith,PF,30,LAC,12,0,14.8,1.8,4.9,.356,0.6,1.9,.304,1.2,3.0,.389,.415,0.8,1.3,.625,0.9,2.8,3.8,1.3,0.3,1.3,1.4,2.1,4.9
359,Russ Smith,PG,24,MEM,7,0,4.7,0.6,1.9,.308,0.1,0.6,.250,0.4,1.3,.333,.346,0.9,1.3,.667,0.1,0.4,0.6,0.3,0.3,0.0,0.6,0.4,2.1
360,Tony Snell,SF,24,CHI,12,8,23.7,2.1,6.2,.338,1.3,3.1,.432,0.8,3.1,.243,.446,0.6,0.7,.875,0.2,3.1,3.3,1.2,0.3,0.4,1.1,2.0,6.1
361,Marreese Speights,PF,28,GSW,11,0,10.5,1.7,5.4,.322,0.1,0.3,.333,1.6,5.1,.321,.331,1.5,1.9,.762,1.3,2.3,3.5,0.5,0.3,0.5,1.2,1.8,5.0
362,Tiago Splitter,C,31,ATL,13,1,17.9,2.3,4.9,.469,0.0,0.1,.000,2.3,4.8,.476,.469,1.1,1.3,.824,1.4,2.5,3.9,0.8,0.5,0.3,0.9,2.1,5.7
363,Nik Stauskas,SG,22,PHI,12,11,28.2,3.4,10.3,.331,1.8,6.5,.282,1.6,3.8,.413,.419,1.3,1.7,.750,0.3,2.6,2.9,2.3,0.7,0.3,1.5,1.2,9.9
364,Lance Stephenson,SF,25,LAC,11,10,19.9,2.1,5.5,.377,0.5,1.6,.333,1.5,3.9,.395,.426,0.5,1.0,.545,0.7,2.0,2.7,1.8,0.5,0.2,1.5,1.6,5.3
365,Jarnell Stokes,C,22,MEM,2,0,2.0,0.0,0.0,,0.0,0.0,,0.0,0.0,,,0.0,0.0,,0.5,0.5,1.0,0.0,0.0,0.0,0.0,0.0,0.0
366,Amar'e Stoudemire,C,33,MIA,2,0,10.0,2.5,3.5,.714,0.0,0.0,,2.5,3.5,.714,.714,1.0,1.0,1.000,1.0,1.0,2.0,0.5,0.0,0.0,0.5,1.0,6.0
367,Rodney Stuckey,PG,29,IND,7,0,22.0,4.1,9.0,.460,0.1,1.0,.143,4.0,8.0,.500,.468,1.7,2.0,.857,0.3,2.9,3.1,2.1,0.9,0.3,1.3,1.3,10.1
368,Jared Sullinger,PF,23,BOS,12,9,24.3,4.8,10.2,.467,0.8,2.3,.370,3.9,7.9,.495,.508,0.8,1.0,.750,3.1,5.7,8.8,2.4,1.3,0.8,1.3,2.7,11.1
369,Walter Tavares,C,23,ATL,2,0,1.0,0.0,0.0,,0.0,0.0,,0.0,0.0,,,0.5,1.0,.500,0.5,0.0,0.5,0.0,0.0,0.0,0.0,0.5,0.5
370,Jeff Teague,PG,27,ATL,11,11,30.8,6.0,14.1,.426,0.9,2.8,.323,5.1,11.3,.452,.458,4.2,4.9,.852,0.5,2.5,2.9,6.5,1.3,0.6,3.1,2.0,17.1
371,Mirza Teletovic,PF,30,PHO,12,0,13.3,1.8,5.0,.367,1.4,3.7,.386,0.4,1.3,.313,.508,0.2,0.3,.667,0.7,1.9,2.6,1.2,0.3,0.2,0.4,0.9,5.3
372,Garrett Temple,SF,29,WAS,7,2,13.9,1.7,4.3,.400,0.9,2.1,.400,0.9,2.1,.400,.500,1.9,2.1,.867,0.3,1.0,1.3,1.0,0.4,0.0,0.3,1.3,6.1
373,Jason Terry,SG,38,HOU,11,2,15.5,1.5,3.8,.405,0.9,2.9,.313,0.6,0.9,.700,.524,0.3,0.3,1.000,0.2,0.9,1.1,1.3,0.4,0.2,1.1,1.8,4.3
374,Isaiah Thomas,PG,26,BOS,12,9,30.2,7.0,16.6,.422,2.2,6.8,.321,4.8,9.8,.492,.487,4.4,5.3,.841,0.4,1.5,1.9,6.5,1.5,0.0,2.6,1.5,20.6
375,Lance Thomas,SF,27,NYK,13,0,18.3,2.4,5.1,.470,0.6,1.3,.471,1.8,3.8,.469,.530,1.2,1.4,.833,0.5,1.2,1.6,0.5,0.2,0.0,0.8,1.5,6.5
376,Hollis Thompson,SG,24,PHI,13,2,28.0,2.9,7.8,.376,2.0,4.9,.406,0.9,2.8,.324,.505,1.1,1.4,.778,0.8,3.3,4.2,1.6,0.7,0.2,1.9,2.6,8.9
377,Jason Thompson,C,29,GSW,6,0,5.7,1.0,1.8,.545,0.0,0.0,,1.0,1.8,.545,.545,0.0,0.0,,0.5,1.5,2.0,0.3,0.3,0.2,0.5,1.3,2.0
378,Klay Thompson,SG,25,GSW,13,13,32.0,6.1,13.5,.449,2.2,5.8,.387,3.8,7.8,.495,.531,1.8,2.2,.857,0.5,3.3,3.8,2.5,0.6,0.8,2.2,2.4,16.2
379,Tristan Thompson,PF,24,CLE,12,0,24.8,3.2,5.2,.613,0.0,0.0,,3.2,5.2,.613,.613,1.3,2.3,.536,2.3,7.0,9.3,0.6,0.5,0.7,0.7,2.3,7.6
380,Marcus Thornton,SG,28,HOU,11,6,27.0,4.7,12.2,.388,2.0,6.2,.324,2.7,6.0,.455,.470,0.0,0.0,,1.2,2.5,3.6,1.9,1.2,0.1,0.5,1.7,11.5
381,Anthony Tolliver,PF,30,DET,11,0,20.5,1.1,4.4,.250,0.9,3.5,.256,0.2,0.8,.222,.354,0.3,0.6,.429,0.4,2.5,2.8,0.8,0.5,0.2,0.2,1.5,3.4
382,Karl-Anthony Towns,C,20,MIN,13,13,29.5,6.5,12.4,.522,0.1,0.5,.167,6.4,11.9,.535,.525,3.0,3.3,.907,2.5,7.8,10.4,1.1,0.7,2.4,2.3,3.2,16.0
383,P.J. Tucker,SF,30,PHO,12,12,25.3,2.4,5.5,.439,0.8,2.4,.310,1.7,3.1,.541,.508,1.3,1.7,.750,1.4,3.4,4.8,1.3,0.9,0.0,0.8,2.0,6.8
384,Evan Turner,SG,27,BOS,12,1,24.5,3.8,8.3,.450,0.3,1.6,.211,3.4,6.8,.506,.470,1.0,1.2,.857,0.6,3.7,4.3,3.3,1.0,0.4,2.0,1.6,8.8
385,Myles Turner,C,19,IND,8,0,15.9,2.6,4.8,.553,0.0,0.0,,2.6,4.8,.553,.553,0.9,1.3,.700,0.6,2.3,2.9,0.1,0.4,0.9,0.8,2.0,6.1
388,Beno Udrih,PG,33,MIA,1,0,17.0,1.0,3.0,.333,0.0,0.0,,1.0,3.0,.333,.333,0.0,0.0,,0.0,3.0,3.0,1.0,0.0,0.0,1.0,0.0,2.0
389,Jonas Valanciunas,C,23,TOR,14,14,27.3,4.9,8.9,.556,0.0,0.0,,4.9,8.9,.556,.556,2.9,3.7,.769,3.0,6.3,9.3,0.4,0.3,0.7,1.6,2.6,12.7
390,Anderson Varejao,C,33,CLE,10,0,7.9,1.0,2.3,.435,0.0,0.1,.000,1.0,2.2,.455,.435,0.3,0.4,.750,0.9,1.5,2.4,0.4,0.2,0.2,0.5,0.9,2.3
391,Greivis Vasquez,PG,29,MIL,12,0,24.6,2.3,7.7,.304,0.8,3.8,.222,1.5,3.9,.383,.359,1.7,1.9,.870,0.3,2.2,2.4,4.8,0.6,0.0,1.8,2.3,7.2
392,Rashad Vaughn,SG,19,MIL,7,0,8.9,1.1,2.9,.400,0.7,1.4,.500,0.4,1.4,.300,.525,0.3,0.3,1.000,0.3,0.3,0.6,0.0,0.0,0.1,0.6,0.4,3.3
393,Charlie Villanueva,PF,31,DAL,11,1,14.3,2.9,7.3,.400,1.0,3.8,.262,1.9,3.5,.553,.469,0.3,0.4,.750,0.5,3.1,3.6,0.5,0.1,0.5,0.5,1.7,7.1
394,Noah Vonleh,PF,20,POR,14,3,14.2,1.0,2.8,.359,0.1,0.6,.125,0.9,2.2,.419,.372,0.6,0.9,.750,0.7,2.4,3.1,0.4,0.1,0.2,0.9,2.0,2.7
395,Nikola Vucevic,C,25,ORL,9,8,29.4,7.0,14.1,.496,0.0,0.0,,7.0,14.1,.496,.496,1.6,1.9,.824,2.3,5.9,8.2,2.2,0.8,1.7,1.6,2.3,15.6
396,Sasha Vujacic,SG,31,NYK,11,8,18.0,1.6,5.7,.286,0.5,2.7,.167,1.2,3.0,.394,.325,0.2,0.3,.667,0.8,2.4,3.2,1.6,0.7,0.1,1.0,1.2,3.9
397,Dwyane Wade,SG,34,MIA,10,10,29.3,6.8,15.9,.428,0.6,1.9,.316,6.2,14.0,.443,.447,3.6,4.6,.783,0.7,2.1,2.8,4.7,1.1,0.6,2.2,1.6,17.8
398,Dion Waiters,SG,24,OKC,13,1,27.8,3.8,9.5,.407,1.0,2.6,.382,2.8,6.8,.416,.459,2.1,2.5,.844,0.8,3.0,3.8,1.6,1.0,0.2,1.8,2.2,10.8
399,Kemba Walker,PG,25,CHO,13,13,32.5,5.8,13.3,.434,1.5,3.9,.373,4.3,9.4,.459,.488,3.8,4.8,.790,0.5,3.1,3.6,5.2,1.8,0.5,1.8,1.3,16.8
400,John Wall,PG,25,WAS,9,9,33.3,6.1,14.6,.420,1.2,4.4,.275,4.9,10.1,.484,.462,4.1,5.7,.725,0.7,2.8,3.4,8.6,2.0,1.6,4.3,2.3,17.6
401,T.J. Warren,SF,22,PHO,11,0,20.5,4.5,8.7,.521,0.4,1.1,.333,4.2,7.6,.548,.542,1.2,1.6,.722,1.3,2.1,3.4,0.5,0.6,0.1,0.9,1.6,10.6
402,C.J. Watson,PG,31,ORL,8,0,19.5,1.8,4.8,.368,0.6,2.0,.313,1.1,2.8,.409,.434,0.6,0.9,.714,0.5,1.5,2.0,3.1,1.0,0.0,0.8,1.3,4.8
403,Sonny Weems,SG,29,PHO,8,0,9.1,0.4,1.4,.273,0.0,0.4,.000,0.4,1.0,.375,.273,0.4,0.6,.600,0.1,1.6,1.8,1.0,0.3,0.0,1.3,0.5,1.1
404,David West,PF,35,SAS,12,0,14.6,2.4,4.2,.580,0.0,0.1,.000,2.4,4.1,.592,.580,0.4,0.6,.714,0.7,2.8,3.5,2.2,0.2,0.3,1.3,1.8,5.3
405,Russell Westbrook,PG,27,OKC,13,13,35.2,9.8,21.5,.459,1.9,5.8,.329,7.9,15.6,.507,.504,6.9,8.5,.811,2.3,5.5,7.8,10.2,2.3,0.4,4.9,2.4,28.5
406,Hassan Whiteside,C,26,MIA,11,11,28.8,6.5,10.5,.626,0.0,0.0,,6.5,10.5,.626,.626,1.9,3.6,.525,2.8,8.5,11.3,0.3,0.7,4.5,2.2,2.2,15.0
407,Shayne Whittington,PF,24,IND,1,0,2.0,0.0,0.0,,0.0,0.0,,0.0,0.0,,,0.0,0.0,,0.0,0.0,0.0,0.0,0.0,0.0,2.0,1.0,0.0
408,Andrew Wiggins,SG,20,MIN,12,12,34.5,7.6,17.7,.429,0.8,2.4,.310,6.8,15.3,.448,.450,5.6,7.7,.728,1.5,1.9,3.4,1.9,0.6,0.6,2.2,1.8,21.5
409,Deron Williams,PG,31,DAL,12,12,31.1,4.8,11.2,.433,1.3,3.4,.366,3.6,7.8,.462,.489,2.9,2.9,1.000,0.1,2.4,2.5,5.6,1.6,0.1,1.7,2.6,13.8
410,Derrick Williams,PF,24,NYK,13,0,12.8,2.2,5.9,.377,0.5,1.5,.300,1.8,4.4,.404,.416,2.5,3.6,.702,0.5,1.8,2.3,0.8,0.7,0.3,0.8,0.8,7.5
411,Lou Williams,SG,29,LAL,12,0,25.1,3.3,9.9,.328,1.0,4.3,.231,2.3,5.6,.403,.378,4.8,5.8,.829,0.3,2.0,2.3,2.8,0.8,0.3,1.5,2.1,12.3
412,Marvin Williams,PF,29,CHO,13,13,32.2,3.6,8.2,.443,1.6,4.1,.396,2.0,4.1,.491,.542,1.2,1.5,.842,1.5,6.0,7.5,1.5,0.7,1.3,0.9,1.7,10.1
413,Mo Williams,PG,33,CLE,11,11,31.3,5.7,12.0,.477,1.8,5.1,.357,3.9,6.9,.566,.553,2.3,2.5,.893,0.3,3.2,3.5,5.3,0.6,0.1,2.2,2.1,15.5
414,Justise Winslow,SF,19,MIA,11,0,28.5,2.9,6.7,.432,0.4,1.9,.190,2.5,4.8,.528,.459,1.0,1.6,.611,1.1,3.8,4.9,1.4,0.7,0.2,1.7,2.6,7.2
415,Jeff Withey,C,25,UTA,5,0,8.4,1.0,1.6,.625,0.0,0.0,,1.0,1.6,.625,.625,0.0,0.0,,0.8,0.8,1.6,0.0,0.2,0.8,0.2,0.8,2.0
416,Christian Wood,PF,20,PHI,11,0,9.2,1.5,3.5,.421,0.3,0.6,.429,1.2,2.8,.419,.461,0.7,1.0,.727,0.8,1.7,2.5,0.3,0.4,0.5,0.2,0.8,3.9
417,Metta World Peace,SF,36,LAL,8,3,18.8,2.3,5.4,.419,1.4,3.1,.440,0.9,2.3,.389,.547,1.0,1.6,.615,0.3,2.0,2.3,0.8,0.6,0.6,0.3,1.8,6.9
418,Brandan Wright,PF,28,MEM,7,0,17.1,2.6,4.3,.600,0.0,0.0,,2.6,4.3,.600,.600,1.4,2.6,.556,0.9,2.6,3.4,0.6,0.1,1.4,0.6,1.3,6.6
419,Delon Wright,PG,23,TOR,4,0,2.5,0.0,1.0,.000,0.0,0.3,.000,0.0,0.8,.000,.000,0.0,0.0,,0.3,0.8,1.0,0.0,0.0,0.0,0.3,0.3,0.0
420,James Young,SG,20,BOS,1,0,1.0,0.0,0.0,,0.0,0.0,,0.0,0.0,,,0.0,0.0,,0.0,0.0,0.0,0.0,0.0,0.0,0.0,0.0,0.0
421,Joseph Young,PG,23,IND,4,0,9.3,0.5,2.5,.200,0.0,0.8,.000,0.5,1.8,.286,.200,1.3,1.5,.833,0.0,0.5,0.5,0.8,0.5,0.0,0.8,0.5,2.3
422,Nick Young,SG,30,LAL,12,0,19.8,3.3,7.6,.440,2.1,4.7,.446,1.3,2.9,.429,.577,1.3,1.3,1.000,0.1,1.8,1.8,0.4,0.8,0.3,0.8,1.0,10.1
423,Thaddeus Young,PF,27,BRK,13,13,30.9,7.2,13.7,.528,0.1,0.6,.125,7.2,13.1,.547,.531,1.1,1.8,.609,2.6,5.5,8.2,1.5,1.5,0.5,1.6,2.6,15.6
424,Cody Zeller,C,23,CHO,11,2,21.1,2.1,4.9,.426,0.0,0.5,.000,2.1,4.5,.469,.426,2.2,3.5,.615,1.9,3.4,5.3,0.8,0.8,0.6,0.7,2.0,6.4
425,Tyler Zeller,C,26,BOS,8,3,8.9,2.1,4.1,.515,0.0,0.0,,2.1,4.1,.515,.515,1.1,1.4,.818,0.5,1.5,2.0,0.6,0.1,0.1,0.6,1.3,5.4